  1.923783E-01  1.00E-08  4.59E-05  5.28E-05  3.50E-03  3.86E+11  4.64E+11 -2.96E+11 -1.81E+11  3.50E+09 -5.19E+07  4.30E+15  4.19E+14  3.27E+11  3.50E+10  7.89E+06  5.03E+09  8.13E+03  3.15E+19  1.42E-17  1.00E+10  0.00E+00  0.00E+00  2.51E+23
  1.950454E-01  1.00E-08  4.59E-05  5.28E-05  3.50E-03  3.85E+11  4.64E+11 -2.96E+11 -1.81E+11  3.50E+09 -5.20E+07  4.29E+15  4.11E+14  3.27E+11  3.50E+10  7.89E+06  5.03E+09  8.13E+03  3.15E+19  1.42E-17  1.00E+10  0.00E+00  0.00E+00  2.51E+23
  6.318866E+02  1.00E-08  4.59E-05  5.28E-05  3.50E-03  3.09E+11  3.97E+11 -2.97E+11 -1.98E+11  3.50E+09 -8.97E+07 -6.07E+14  1.28E+13  3.27E+11  3.49E+10  7.87E+06  5.03E+09  8.13E+03  3.13E+19  1.42E-17  1.00E+10  0.00E+00  0.00E+00  2.51E+23
  6.406683E+02  1.00E-08  4.59E-05  5.28E-05  3.50E-03  3.08E+11  3.96E+11 -2.97E+11 -1.98E+11  3.50E+09 -9.00E+07 -6.44E+14  1.26E+13  3.27E+11  3.49E+10  7.87E+06  5.03E+09  8.14E+03  3.13E+19  1.42E-17  1.00E+10  0.00E+00  0.00E+00  2.51E+23
  6.282971E+04  1.00E-08  4.59E-05  5.28E-05  3.50E-03  1.61E+11  9.55E+10 -3.03E+11 -2.13E+11  3.50E+09 -1.48E+08 -6.99E+15  1.98E+07  2.83E+11  2.84E+10  6.50E+06  4.98E+09  8.34E+03  3.08E+19  1.82E-17  1.00E+10  0.00E+00  0.00E+00  2.51E+23
  6.294361E+04  1.00E-08  4.59E-05  5.28E-05  3.50E-03  1.61E+11  9.54E+10 -3.03E+11 -2.13E+11  3.50E+09 -1.48E+08 -6.98E+15  1.98E+07  2.83E+11  2.84E+10  6.49E+06  4.98E+09  8.34E+03  3.08E+19  1.82E-17  1.00E+10  0.00E+00  0.00E+00  2.51E+23
  2.752083E+06  1.00E-08  4.60E-05  5.29E-05  3.50E-03  3.39E+10  2.82E+10 -3.24E+11 -2.11E+11  3.50E+09 -9.01E+07 -3.05E+14 -1.94E+07  3.82E+10  2.63E+09  1.15E+06  3.79E+09  1.67E+04  2.98E+19  1.30E-16  1.00E+10  0.00E+00  0.00E+00  2.51E+23
  1.651647E+07  1.00E-08  4.65E-05  5.35E-05  3.50E-03  9.75E+09  3.64E+10 -3.48E+11 -2.33E+11  3.50E+09 -1.12E+08 -1.44E+13  4.78E+07  4.34E+09  3.46E+08  4.62E+05  3.40E+09  2.97E+04  2.25E+19  7.01E-17  1.00E+10  0.00E+00  0.00E+00  2.51E+23
  1.031591E+08  1.00E-08  6.09E-05  7.04E-05  3.49E-03 -1.10E+11  3.33E+11 -9.14E+11 -8.59E+11  3.50E+09 -1.61E+08 -1.59E+12 -3.28E+03  9.20E+10  4.66E+09  6.04E+05  3.55E+09  1.75E+04  5.72E+18  1.24E-17  1.00E+10  0.00E+00  0.00E+00  2.51E+23
  7.309504E+08  1.00E-08  4.28E-04  5.22E-04  3.25E-03 -3.95E+11  2.75E+11 -3.08E+12 -2.14E+12  3.50E+09 -1.08E+08 -1.95E+11  7.71E+04  3.18E+11  1.68E+10  8.57E+05  3.52E+09  2.51E+03  1.30E+16  1.76E-18  1.00E+10  0.00E+00  0.00E+00  2.50E+23
  6.871186E+09  1.00E-08  5.22E-04  6.78E-04  3.15E-03 -8.68E+09  5.32E+07 -3.25E+12 -2.11E+12  3.50E+09 -1.47E+08 -1.98E+10  8.98E+08  7.54E+10  7.20E+09  4.72E+05  3.53E+09  3.41E+02  4.63E+13  4.72E-20  1.00E+10  0.00E+00  0.00E+00  2.37E+23
  6.871606E+09  1.00E-08  5.22E-04  6.78E-04  3.15E-03 -8.65E+09  5.32E+07 -3.25E+12 -2.11E+12  3.50E+09 -1.47E+08 -1.98E+10  7.80E+08  7.54E+10  7.20E+09  4.73E+05  3.53E+09  3.41E+02  4.63E+13  4.72E-20  1.00E+10  0.00E+00  0.00E+00  2.37E+23
  6.915792E+09  1.00E-08  5.22E-04  6.78E-04  3.15E-03 -6.03E+09  5.30E+07 -3.25E+12 -2.11E+12  3.50E+09 -1.47E+08 -1.98E+10  7.69E+06  7.59E+10  7.32E+09  4.86E+05  3.53E+09  3.36E+02  1.17E+12  4.52E-20  1.00E+10  0.00E+00  0.00E+00  2.37E+23
  6.915849E+09  1.00E-08  5.22E-04  6.78E-04  3.15E-03 -6.03E+09  5.30E+07 -3.25E+12 -2.11E+12  3.50E+09 -1.47E+08 -1.98E+10  7.70E+06  7.59E+10  7.32E+09  4.86E+05  3.53E+09  3.36E+02  1.17E+12  4.52E-20  1.00E+10  0.00E+00  0.00E+00  2.37E+23
  6.969883E+09  1.00E-08  5.21E-04  6.77E-04  3.15E-03 -2.69E+09  5.23E+07 -3.25E+12 -2.11E+12  3.50E+09 -1.46E+08 -1.97E+10  4.70E+05  7.65E+10  7.46E+09  5.03E+05  3.53E+09  3.30E+02  5.45E+11  4.29E-20  1.00E+10  0.00E+00  0.00E+00  2.37E+23
  6.969908E+09  1.00E-08  5.21E-04  6.77E-04  3.15E-03 -2.69E+09  5.23E+07 -3.25E+12 -2.11E+12  3.50E+09 -1.46E+08 -1.97E+10  5.21E+05  7.65E+10  7.46E+09  5.03E+05  3.53E+09  3.30E+02  5.45E+11  4.29E-20  1.00E+10  0.00E+00  0.00E+00  2.37E+23
  7.019737E+09  1.00E-08  5.21E-04  6.77E-04  3.15E-03  6.07E+07  5.07E+07 -3.24E+12 -2.11E+12  3.50E+09 -1.45E+08 -1.97E+10  8.49E+04  7.66E+10  7.50E+09  5.15E+05  3.54E+09  3.25E+02  4.94E+11  4.09E-20  1.00E+10  0.00E+00  0.00E+00  2.37E+23
  7.019757E+09  1.00E-08  5.21E-04  6.77E-04  3.15E-03  6.16E+07  5.07E+07 -3.24E+12 -2.11E+12  3.50E+09 -1.45E+08 -1.97E+10  5.73E+03  7.66E+10  7.50E+09  5.15E+05  3.54E+09  3.25E+02  4.94E+11  4.09E-20  1.00E+10  0.00E+00  0.00E+00  2.37E+23
  7.077215E+09  1.00E-08  5.20E-04  6.77E-04  3.15E-03  2.29E+09  4.83E+07 -3.24E+12 -2.11E+12  3.50E+09 -1.45E+08 -1.96E+10 -3.16E+05  7.60E+10  7.45E+09  5.18E+05  3.54E+09  3.18E+02  4.63E+11  3.88E-20  1.00E+10  0.00E+00  0.00E+00  2.36E+23
  7.077322E+09  1.00E-08  5.20E-04  6.77E-04  3.15E-03  2.29E+09  4.83E+07 -3.24E+12 -2.11E+12  3.50E+09 -1.45E+08 -1.96E+10 -2.92E+05  7.60E+10  7.45E+09  5.18E+05  3.54E+09  3.18E+02  4.63E+11  3.88E-20  1.00E+10  0.00E+00  0.00E+00  2.36E+23
  8.803173E+09  1.00E-08  5.04E-04  6.66E-04  3.15E-03  5.24E+09  4.87E+07 -3.14E+12 -2.07E+12  3.50E+09 -1.21E+08 -1.89E+10  2.91E+07  3.62E+10  4.38E+09  3.29E+05  3.53E+09  1.78E+02  4.74E+11  4.13E-20  1.00E+10  0.00E+00  0.00E+00  2.33E+23
  8.814357E+09  1.00E-08  5.04E-04  6.66E-04  3.15E-03  5.24E+09  4.87E+07 -3.14E+12 -2.07E+12  3.50E+09 -1.21E+08 -1.88E+10  3.52E+07  3.60E+10  4.37E+09  3.28E+05  3.53E+09  1.77E+02  4.74E+11  4.19E-20  1.00E+10  0.00E+00  0.00E+00  2.33E+23
  1.287426E+10  1.00E-08  4.70E-04  6.43E-04  3.15E-03  4.18E+09  3.52E+07 -2.92E+12 -2.00E+12  3.50E+09 -1.39E+08 -1.78E+10  6.99E+07  2.47E+09  1.05E+09  3.99E+05  3.52E+09  4.75E+01  3.65E+11  1.49E-18  1.00E+10  0.00E+00  0.00E+00  2.25E+23
  1.287426E+10  1.00E-08  4.70E-04  6.43E-04  3.15E-03  4.18E+09  3.52E+07 -2.92E+12 -2.00E+12  3.50E+09 -1.39E+08 -1.78E+10  6.99E+07  2.47E+09  1.05E+09  3.99E+05  3.52E+09  4.75E+01  3.65E+11  1.49E-18  1.00E+10  0.00E+00  0.00E+00  2.25E+23
  1.377344E+10  1.00E-08  4.62E-04  6.38E-04  3.15E-03  2.90E+09  2.57E+07 -2.88E+12 -1.99E+12  3.50E+09 -1.59E+08 -1.75E+10 -3.55E+07  2.45E+09  6.50E+08  8.21E+05  3.51E+09  3.55E+01  2.41E+11  1.44E-18  1.00E+10  0.00E+00  0.00E+00  2.23E+23
  1.377359E+10  1.00E-08  4.62E-04  6.38E-04  3.15E-03  2.90E+09  2.57E+07 -2.88E+12 -1.99E+12  3.50E+09 -1.59E+08 -1.75E+10 -3.44E+07  2.45E+09  6.50E+08  8.21E+05  3.51E+09  3.55E+01  2.41E+11  1.44E-18  1.00E+10  0.00E+00  0.00E+00  2.23E+23
  2.255903E+10  1.00E-08  3.98E-04  6.06E-04  3.15E-03  1.27E+09  3.59E+07 -2.48E+12 -1.89E+12  3.50E+09 -3.02E+08 -1.49E+10  1.28E+09  5.37E+08  2.23E+08  6.91E+07  3.48E+09  2.10E+00  9.34E+14  8.03E-20  1.00E+10  0.00E+00  0.00E+00  2.12E+23
  4.473657E+10  1.00E-08  2.76E-04  5.20E-04  3.14E-03  1.55E+11  2.91E+08 -1.72E+12 -1.62E+12  3.50E+09 -1.29E+08 -9.33E+09  4.11E+09  3.10E+10  3.00E+09  7.03E+07  3.59E+09  1.76E-03  3.67E+17  3.84-119  1.00E+10  0.00E+00  0.00E+00  1.83E+23
  5.153166E+10  1.00E-08  2.48E-04  5.00E-04  3.14E-03  1.60E+11  7.11E+08 -1.55E+12 -1.56E+12  3.50E+09 -7.18E+07 -8.59E+09 -1.46E+05  2.28E+10  1.62E+10  4.47E+07  3.63E+09  1.91E-04  8.96E+17  5.25E-32  1.00E+10  0.00E+00  0.00E+00  1.76E+23
  8.783583E+10  1.00E-08  1.41E-04  4.10E-04  3.12E-03  1.59E+11  1.03E+09 -8.79E+11 -1.28E+12  3.50E+09 -6.99E+07 -4.45E+09  1.38E+10  2.43E+10  2.17E+10  4.15E+07  3.64E+09  1.25E-09  3.08E+18  1.59E-28  1.00E+10  0.00E+00  0.00E+00  1.45E+23
  9.777874E+10  1.00E-08  1.22E-04  3.92E-04  3.11E-03  1.56E+11  1.06E+09 -7.62E+11 -1.22E+12  3.50E+09 -7.00E+07 -3.73E+09  3.78E+09  2.54E+10  3.44E+10  4.33E+07  3.64E+09  4.83E-11  1.28E+19  1.34E-28  1.00E+10  0.00E+00  0.00E+00  1.39E+23
  1.103720E+11  1.00E-08  1.04E-04  3.80E-04  3.10E-03  1.41E+11  1.30E+09 -6.45E+11 -1.18E+12  3.50E+09 -6.24E+07 -2.79E+09  6.60E+08  2.96E+10  6.32E+10  5.52E+07  3.64E+09  7.99E-13  2.84E+19  3.86E-31  1.00E+10  0.00E+00  0.00E+00  1.35E+23
  6.396972E+12  1.00E-08  4.80E-06  9.97E-04  6.04E-04 -1.50E+12  1.36E+08 -3.00E+10 -3.11E+12  3.50E+09 -5.59E+07 -1.21E+06  3.73E+08  6.27E+09  1.56E+10  6.56E+07  3.67E+09  2.39E-19  8.62E+19  3.84-119  1.00E+10  0.00E+00  0.00E+00  3.54E+23
  7.236587E+17  1.00E-08  1.63E-06  5.49E-03  2.23E-15 -8.58E+12  2.05E-02 -1.02E+10 -1.71E+13  3.50E+09 -2.96E+08  1.21E+04 -6.78E+00  3.29E+00  5.73E+06  7.08E+07  3.48E+09  2.39E-19  6.08E+19  3.84-119  1.00E+10  0.00E+00  0.00E+00  1.93E+24
