  1.923783E-01  1.00E-08  4.59E-05  5.28E-05  3.50E-03  3.86E+11  4.64E+11 -2.96E+11 -1.81E+11  3.50E+09 -5.19E+07  4.30E+15  4.19E+14  3.27E+11  3.50E+10  7.89E+06  5.03E+09  8.13E+03  3.15E+19  1.42E-17  1.00E+10  0.00E+00  0.00E+00  2.51E+23
  1.950454E-01  1.00E-08  4.59E-05  5.28E-05  3.50E-03  3.85E+11  4.64E+11 -2.96E+11 -1.81E+11  3.50E+09 -5.20E+07  4.29E+15  4.11E+14  3.27E+11  3.50E+10  7.89E+06  5.03E+09  8.13E+03  3.15E+19  1.42E-17  1.00E+10  0.00E+00  0.00E+00  2.51E+23
  6.318866E+02  1.00E-08  4.59E-05  5.28E-05  3.50E-03  3.09E+11  3.97E+11 -2.97E+11 -1.98E+11  3.50E+09 -8.97E+07 -6.07E+14  1.28E+13  3.27E+11  3.49E+10  7.87E+06  5.03E+09  8.13E+03  3.13E+19  1.42E-17  1.00E+10  0.00E+00  0.00E+00  2.51E+23
  6.406683E+02  1.00E-08  4.59E-05  5.28E-05  3.50E-03  3.08E+11  3.96E+11 -2.97E+11 -1.98E+11  3.50E+09 -9.00E+07 -6.44E+14  1.26E+13  3.27E+11  3.49E+10  7.87E+06  5.03E+09  8.14E+03  3.13E+19  1.42E-17  1.00E+10  0.00E+00  0.00E+00  2.51E+23
  6.282971E+04  1.00E-08  4.59E-05  5.28E-05  3.50E-03  1.61E+11  9.55E+10 -3.03E+11 -2.13E+11  3.50E+09 -1.48E+08 -6.99E+15  1.98E+07  2.83E+11  2.84E+10  6.50E+06  4.98E+09  8.34E+03  3.08E+19  1.82E-17  1.00E+10  0.00E+00  0.00E+00  2.51E+23
  6.294361E+04  1.00E-08  4.59E-05  5.28E-05  3.50E-03  1.61E+11  9.54E+10 -3.03E+11 -2.13E+11  3.50E+09 -1.48E+08 -6.98E+15  1.98E+07  2.83E+11  2.84E+10  6.49E+06  4.98E+09  8.34E+03  3.08E+19  1.82E-17  1.00E+10  0.00E+00  0.00E+00  2.51E+23
  2.648952E+06  1.00E-08  4.60E-05  5.29E-05  3.50E-03  3.45E+10  2.81E+10 -3.23E+11 -2.11E+11  3.50E+09 -9.01E+07 -3.23E+14 -8.56E+06  3.96E+10  2.72E+09  1.17E+06  3.80E+09  1.64E+04  2.98E+19  1.29E-16  1.00E+10  0.00E+00  0.00E+00  2.51E+23
  1.707538E+07  1.00E-08  4.65E-05  5.35E-05  3.50E-03  9.47E+09  3.66E+10 -3.49E+11 -2.34E+11  3.50E+09 -1.13E+08 -1.38E+13  3.18E+07  4.16E+09  3.35E+08  4.61E+05  3.40E+09  2.99E+04  2.23E+19  6.83E-17  1.00E+10  0.00E+00  0.00E+00  2.51E+23
  1.241199E+08  1.00E-08  7.12E-05  8.28E-05  3.48E-03 -1.75E+11  4.45E+11 -1.15E+12 -1.11E+12  3.50E+09 -1.62E+08 -1.28E+12 -3.35E+04  1.47E+11  7.32E+09  6.76E+05  3.53E+09  1.40E+04  4.40E+18  1.05E-17  1.00E+10  0.00E+00  0.00E+00  2.51E+23
  9.712446E+08  1.00E-08  4.85E-04  5.94E-04  3.21E-03 -3.66E+11  1.72E+11 -3.27E+12 -2.17E+12  3.50E+09 -1.06E+08 -1.28E+11 -2.38E+05  2.95E+11  1.57E+10  8.02E+05  3.53E+09  2.32E+03  4.30E+14  1.31E-18  1.00E+10  0.00E+00  0.00E+00  2.50E+23
  6.903654E+09  1.00E-08  5.22E-04  6.78E-04  3.15E-03 -7.46E+09  5.42E+07 -3.25E+12 -2.11E+12  3.50E+09 -1.47E+08 -1.98E+10  5.16E+05  7.56E+10  7.25E+09  4.78E+05  3.53E+09  3.38E+02  3.83E+12  4.65E-20  1.00E+10  0.00E+00  0.00E+00  2.37E+23
  6.903656E+09  1.00E-08  5.22E-04  6.78E-04  3.15E-03 -7.46E+09  5.42E+07 -3.25E+12 -2.11E+12  3.50E+09 -1.47E+08 -1.98E+10  5.72E+05  7.56E+10  7.25E+09  4.78E+05  3.53E+09  3.38E+02  3.83E+12  4.65E-20  1.00E+10  0.00E+00  0.00E+00  2.37E+23
  6.947206E+09  1.00E-08  5.22E-04  6.78E-04  3.15E-03 -4.83E+09  5.39E+07 -3.25E+12 -2.11E+12  3.50E+09 -1.46E+08 -1.97E+10  3.93E+06  7.61E+10  7.37E+09  4.92E+05  3.53E+09  3.34E+02  7.24E+11  4.46E-20  1.00E+10  0.00E+00  0.00E+00  2.37E+23
  6.947275E+09  1.00E-08  5.22E-04  6.78E-04  3.15E-03 -4.83E+09  5.39E+07 -3.25E+12 -2.11E+12  3.50E+09 -1.46E+08 -1.97E+10  4.30E+06  7.61E+10  7.37E+09  4.92E+05  3.53E+09  3.34E+02  7.24E+11  4.46E-20  1.00E+10  0.00E+00  0.00E+00  2.37E+23
  6.998203E+09  1.00E-08  5.21E-04  6.77E-04  3.15E-03 -1.71E+09  5.29E+07 -3.25E+12 -2.11E+12  3.50E+09 -1.46E+08 -1.97E+10  5.82E+04  7.66E+10  7.47E+09  5.07E+05  3.53E+09  3.28E+02  5.20E+11  4.25E-20  1.00E+10  0.00E+00  0.00E+00  2.37E+23
  6.998207E+09  1.00E-08  5.21E-04  6.77E-04  3.15E-03 -1.71E+09  5.29E+07 -3.25E+12 -2.11E+12  3.50E+09 -1.46E+08 -1.97E+10  2.53E+04  7.66E+10  7.47E+09  5.07E+05  3.53E+09  3.28E+02  5.20E+11  4.25E-20  1.00E+10  0.00E+00  0.00E+00  2.37E+23
  7.047024E+09  1.00E-08  5.21E-04  6.77E-04  3.15E-03  7.70E+08  5.11E+07 -3.24E+12 -2.11E+12  3.50E+09 -1.45E+08 -1.96E+10  5.55E+04  7.65E+10  7.49E+09  5.17E+05  3.54E+09  3.23E+02  4.85E+11  4.05E-20  1.00E+10  0.00E+00  0.00E+00  2.36E+23
  7.047036E+09  1.00E-08  5.21E-04  6.77E-04  3.15E-03  7.71E+08  5.11E+07 -3.24E+12 -2.11E+12  3.50E+09 -1.45E+08 -1.96E+10  1.70E+04  7.65E+10  7.49E+09  5.17E+05  3.54E+09  3.23E+02  4.85E+11  4.05E-20  1.00E+10  0.00E+00  0.00E+00  2.36E+23
  7.130045E+09  1.00E-08  5.20E-04  6.77E-04  3.15E-03  3.25E+09  4.78E+07 -3.24E+12 -2.11E+12  3.50E+09 -1.44E+08 -1.96E+10 -1.55E+06  7.52E+10  7.38E+09  5.12E+05  3.54E+09  3.14E+02  4.45E+11  3.76E-20  1.00E+10  0.00E+00  0.00E+00  2.36E+23
  7.130389E+09  1.00E-08  5.20E-04  6.77E-04  3.15E-03  3.26E+09  4.77E+07 -3.24E+12 -2.11E+12  3.50E+09 -1.44E+08 -1.96E+10 -1.75E+06  7.52E+10  7.38E+09  5.12E+05  3.54E+09  3.14E+02  4.45E+11  3.76E-20  1.00E+10  0.00E+00  0.00E+00  2.36E+23
  1.022962E+10  1.00E-08  4.92E-04  6.58E-04  3.15E-03  5.02E+09  4.89E+07 -3.07E+12 -2.05E+12  3.50E+09 -1.23E+08 -1.77E+10  3.18E+08  1.50E+10  2.82E+09  2.47E+05  3.50E+09  1.13E+02  5.68E+11  4.90E-19  1.00E+10  0.00E+00  0.00E+00  2.30E+23
  1.022962E+10  1.00E-08  4.92E-04  6.58E-04  3.15E-03  5.02E+09  4.89E+07 -3.07E+12 -2.05E+12  3.50E+09 -1.23E+08 -1.77E+10  3.18E+08  1.50E+10  2.82E+09  2.47E+05  3.50E+09  1.13E+02  5.68E+11  4.90E-19  1.00E+10  0.00E+00  0.00E+00  2.30E+23
  1.336204E+10  1.00E-08  4.66E-04  6.40E-04  3.15E-03  3.92E+09  3.12E+07 -2.90E+12 -1.99E+12  3.50E+09 -1.47E+08 -1.77E+10 -2.97E+08  2.37E+09  8.50E+08  5.44E+05  3.52E+09  4.13E+01  2.93E+11  1.49E-18  1.00E+10  0.00E+00  0.00E+00  2.24E+23
  1.336449E+10  1.00E-08  4.66E-04  6.40E-04  3.15E-03  3.92E+09  3.12E+07 -2.90E+12 -1.99E+12  3.50E+09 -1.47E+08 -1.77E+10 -3.55E+08  2.37E+09  8.49E+08  5.45E+05  3.52E+09  4.13E+01  2.93E+11  1.49E-18  1.00E+10  0.00E+00  0.00E+00  2.24E+23
  1.395848E+10  1.00E-08  4.61E-04  6.37E-04  3.15E-03  2.48E+09  2.52E+07 -2.87E+12 -1.98E+12  3.50E+09 -1.62E+08 -1.75E+10 -7.07E+08  2.52E+09  6.04E+08  9.27E+05  3.51E+09  3.42E+01  2.37E+11  1.42E-18  1.00E+10  0.00E+00  0.00E+00  2.23E+23
  1.396172E+10  1.00E-08  4.61E-04  6.37E-04  3.15E-03  2.47E+09  2.52E+07 -2.87E+12 -1.98E+12  3.50E+09 -1.62E+08 -1.75E+10 -7.09E+08  2.53E+09  6.03E+08  9.30E+05  3.51E+09  3.41E+01  2.37E+11  1.42E-18  1.00E+10  0.00E+00  0.00E+00  2.23E+23
  4.215149E+10  1.00E-08  2.88E-04  5.27E-04  3.15E-03  4.18E+10  1.01E+08 -1.79E+12 -1.64E+12  3.50E+09 -2.83E+08 -9.36E+09 -2.07E+09  1.07E+10  4.80E+07  7.78E+07  3.50E+09  4.16E-03  1.81E+16  3.84-119  1.00E+10  0.00E+00  0.00E+00  1.85E+23
  4.530237E+10  1.00E-08  2.74E-04  5.19E-04  3.14E-03  1.55E+11  3.07E+08 -1.71E+12 -1.62E+12  3.50E+09 -1.15E+08 -9.38E+09  2.28E+09  2.98E+10  4.30E+09  6.66E+07  3.60E+09  1.48E-03  5.24E+17  3.84-119  1.00E+10  0.00E+00  0.00E+00  1.82E+23
  5.273971E+10  1.00E-08  2.43E-04  4.97E-04  3.14E-03  1.61E+11  7.51E+08 -1.52E+12 -1.55E+12  3.50E+09 -7.01E+07 -8.39E+09  1.30E+09  2.23E+10  1.69E+10  4.35E+07  3.63E+09  1.29E-04  9.62E+17  2.16E-31  1.00E+10  0.00E+00  0.00E+00  1.75E+23
  8.959688E+10  1.00E-08  1.37E-04  4.07E-04  3.11E-03  1.59E+11  1.03E+09 -8.56E+11 -1.27E+12  3.50E+09 -7.01E+07 -4.30E+09  1.53E+10  2.45E+10  2.22E+10  4.15E+07  3.64E+09  6.84E-10  3.31E+18  1.64E-28  1.00E+10  0.00E+00  0.00E+00  1.43E+23
  9.798656E+10  1.00E-08  1.22E-04  3.92E-04  3.11E-03  1.56E+11  1.07E+09 -7.59E+11 -1.22E+12  3.50E+09 -6.99E+07 -3.70E+09  6.24E+09  2.55E+10  3.61E+10  4.36E+07  3.64E+09  4.38E-11  1.39E+19  1.22E-28  1.00E+10  0.00E+00  0.00E+00  1.39E+23
  1.154648E+11  1.00E-08  9.71E-05  3.76E-04  3.09E-03  1.39E+11  1.33E+09 -6.06E+11 -1.17E+12  3.50E+09 -6.04E+07 -2.53E+09  1.23E+09  3.10E+10  6.48E+10  5.68E+07  3.64E+09  1.50E-13  2.97E+19  1.03E-31  1.00E+10  0.00E+00  0.00E+00  1.34E+23
  7.059457E+12  1.00E-08  4.34E-06  1.03E-03  5.40E-04 -1.56E+12  1.18E+08 -2.71E+10 -3.23E+12  3.50E+09 -5.88E+07 -8.40E+05 -1.76E+07  5.43E+09  1.39E+10  6.61E+07  3.67E+09  2.39E-19  8.69E+19  3.84-119  1.00E+10  0.00E+00  0.00E+00  3.67E+23
  1.924665E+18  1.00E-08  1.63E-06  5.41E-03  1.07E-07 -8.46E+12  1.00E+06 -1.02E+10 -1.69E+13  3.50E+09 -2.96E+08  1.21E+04 -6.42E+03  4.85E+04  5.95E+06  7.10E+07  3.48E+09  2.39E-19  6.15E+19  3.84-119  1.00E+10  0.00E+00  0.00E+00  1.90E+24
