  1.923783E-01  1.00E-08  4.59E-05  5.28E-05  3.50E-03  3.86E+11  4.64E+11 -2.96E+11 -1.81E+11  3.50E+09 -5.19E+07  4.30E+15  4.19E+14  3.27E+11  3.50E+10  7.89E+06  5.03E+09  8.13E+03  3.15E+19  1.42E-17  1.00E+10  0.00E+00  0.00E+00  2.51E+23
  1.950454E-01  1.00E-08  4.59E-05  5.28E-05  3.50E-03  3.85E+11  4.64E+11 -2.96E+11 -1.81E+11  3.50E+09 -5.20E+07  4.29E+15  4.11E+14  3.27E+11  3.50E+10  7.89E+06  5.03E+09  8.13E+03  3.15E+19  1.42E-17  1.00E+10  0.00E+00  0.00E+00  2.51E+23
  6.318866E+02  1.00E-08  4.59E-05  5.28E-05  3.50E-03  3.09E+11  3.97E+11 -2.97E+11 -1.98E+11  3.50E+09 -8.97E+07 -6.07E+14  1.28E+13  3.27E+11  3.49E+10  7.87E+06  5.03E+09  8.13E+03  3.13E+19  1.42E-17  1.00E+10  0.00E+00  0.00E+00  2.51E+23
  6.406683E+02  1.00E-08  4.59E-05  5.28E-05  3.50E-03  3.08E+11  3.96E+11 -2.97E+11 -1.98E+11  3.50E+09 -9.00E+07 -6.44E+14  1.26E+13  3.27E+11  3.49E+10  7.87E+06  5.03E+09  8.14E+03  3.13E+19  1.42E-17  1.00E+10  0.00E+00  0.00E+00  2.51E+23
  6.282971E+04  1.00E-08  4.59E-05  5.28E-05  3.50E-03  1.61E+11  9.55E+10 -3.03E+11 -2.13E+11  3.50E+09 -1.48E+08 -6.99E+15  1.98E+07  2.83E+11  2.84E+10  6.50E+06  4.98E+09  8.34E+03  3.08E+19  1.82E-17  1.00E+10  0.00E+00  0.00E+00  2.51E+23
  6.294361E+04  1.00E-08  4.59E-05  5.28E-05  3.50E-03  1.61E+11  9.54E+10 -3.03E+11 -2.13E+11  3.50E+09 -1.48E+08 -6.98E+15  1.98E+07  2.83E+11  2.84E+10  6.49E+06  4.98E+09  8.34E+03  3.08E+19  1.82E-17  1.00E+10  0.00E+00  0.00E+00  2.51E+23
  2.412038E+06  1.00E-08  4.60E-05  5.29E-05  3.50E-03  3.60E+10  2.80E+10 -3.22E+11 -2.10E+11  3.50E+09 -9.00E+07 -3.73E+14 -2.45E+05  4.30E+10  2.97E+09  1.25E+06  3.84E+09  1.58E+04  3.00E+19  1.25E-16  1.00E+10  0.00E+00  0.00E+00  2.51E+23
  1.289813E+07  1.00E-08  4.63E-05  5.33E-05  3.50E-03  1.22E+10  3.46E+10 -3.43E+11 -2.29E+11  3.50E+09 -1.07E+08 -2.04E+13  5.34E+06  6.07E+09  4.52E+08  4.80E+05  3.39E+09  2.82E+04  2.42E+19  8.42E-17  1.00E+10  0.00E+00  0.00E+00  2.51E+23
  7.943447E+07  1.00E-08  5.31E-05  6.11E-05  3.50E-03 -4.43E+10  1.93E+11 -6.45E+11 -5.62E+11  3.50E+09 -1.56E+08 -2.15E+12  2.44E+08  3.94E+10  2.10E+09  5.36E+05  3.61E+09  2.21E+04  7.92E+18  1.60E-17  1.00E+10  0.00E+00  0.00E+00  2.51E+23
  7.871759E+08  1.00E-08  4.44E-04  5.42E-04  3.24E-03 -3.88E+11  2.47E+11 -3.13E+12 -2.15E+12  3.50E+09 -1.07E+08 -1.77E+11  2.53E+05  3.13E+11  1.66E+10  8.44E+05  3.52E+09  2.47E+03  7.50E+15  1.64E-18  1.00E+10  0.00E+00  0.00E+00  2.50E+23
  6.901102E+09  1.00E-08  5.22E-04  6.78E-04  3.15E-03 -7.67E+09  5.32E+07 -3.25E+12 -2.11E+12  3.50E+09 -1.47E+08 -1.97E+10  3.38E+07  7.55E+10  7.24E+09  4.77E+05  3.53E+09  3.39E+02  4.96E+12  4.66E-20  1.00E+10  0.00E+00  0.00E+00  2.37E+23
  6.901185E+09  1.00E-08  5.22E-04  6.78E-04  3.15E-03 -7.66E+09  5.32E+07 -3.25E+12 -2.11E+12  3.50E+09 -1.47E+08 -1.97E+10  3.34E+07  7.55E+10  7.24E+09  4.77E+05  3.53E+09  3.39E+02  4.96E+12  4.66E-20  1.00E+10  0.00E+00  0.00E+00  2.37E+23
  6.941886E+09  1.00E-08  5.22E-04  6.78E-04  3.15E-03 -5.22E+09  5.30E+07 -3.25E+12 -2.11E+12  3.50E+09 -1.46E+08 -1.97E+10  3.94E+06  7.60E+10  7.36E+09  4.90E+05  3.53E+09  3.34E+02  8.14E+11  4.48E-20  1.00E+10  0.00E+00  0.00E+00  2.37E+23
  6.941942E+09  1.00E-08  5.22E-04  6.78E-04  3.15E-03 -5.22E+09  5.30E+07 -3.25E+12 -2.11E+12  3.50E+09 -1.46E+08 -1.97E+10  4.36E+06  7.60E+10  7.36E+09  4.90E+05  3.53E+09  3.34E+02  8.14E+11  4.48E-20  1.00E+10  0.00E+00  0.00E+00  2.37E+23
  6.995505E+09  1.00E-08  5.21E-04  6.77E-04  3.15E-03 -1.93E+09  5.20E+07 -3.25E+12 -2.11E+12  3.50E+09 -1.46E+08 -1.97E+10 -9.80E+05  7.65E+10  7.47E+09  5.06E+05  3.53E+09  3.28E+02  5.25E+11  4.26E-20  1.00E+10  0.00E+00  0.00E+00  2.37E+23
  6.995505E+09  1.00E-08  5.21E-04  6.77E-04  3.15E-03 -1.93E+09  5.20E+07 -3.25E+12 -2.11E+12  3.50E+09 -1.46E+08 -1.97E+10  5.71E+03  7.65E+10  7.47E+09  5.06E+05  3.53E+09  3.28E+02  5.25E+11  4.26E-20  1.00E+10  0.00E+00  0.00E+00  2.37E+23
  7.043946E+09  1.00E-08  5.21E-04  6.77E-04  3.15E-03  5.94E+08  5.03E+07 -3.24E+12 -2.11E+12  3.50E+09 -1.45E+08 -1.96E+10  1.73E+04  7.65E+10  7.49E+09  5.16E+05  3.54E+09  3.23E+02  4.87E+11  4.06E-20  1.00E+10  0.00E+00  0.00E+00  2.36E+23
  7.043953E+09  1.00E-08  5.21E-04  6.77E-04  3.15E-03  5.94E+08  5.03E+07 -3.24E+12 -2.11E+12  3.50E+09 -1.45E+08 -1.96E+10  4.53E+03  7.65E+10  7.49E+09  5.16E+05  3.54E+09  3.23E+02  4.87E+11  4.06E-20  1.00E+10  0.00E+00  0.00E+00  2.36E+23
  7.117994E+09  1.00E-08  5.20E-04  6.77E-04  3.15E-03  3.00E+09  4.72E+07 -3.24E+12 -2.11E+12  3.50E+09 -1.44E+08 -1.96E+10 -3.52E+05  7.55E+10  7.40E+09  5.14E+05  3.54E+09  3.15E+02  4.50E+11  3.80E-20  1.00E+10  0.00E+00  0.00E+00  2.36E+23
  7.118057E+09  1.00E-08  5.20E-04  6.77E-04  3.15E-03  3.00E+09  4.72E+07 -3.24E+12 -2.11E+12  3.50E+09 -1.44E+08 -1.96E+10 -3.33E+05  7.55E+10  7.40E+09  5.14E+05  3.54E+09  3.15E+02  4.50E+11  3.80E-20  1.00E+10  0.00E+00  0.00E+00  2.36E+23
  9.080245E+09  1.00E-08  5.02E-04  6.65E-04  3.15E-03  5.21E+09  4.87E+07 -3.13E+12 -2.07E+12  3.50E+09 -1.21E+08 -1.88E+10  3.30E+07  3.22E+10  4.09E+09  3.12E+05  3.53E+09  1.66E+02  4.91E+11  5.94E-20  1.00E+10  0.00E+00  0.00E+00  2.32E+23
  9.089070E+09  1.00E-08  5.02E-04  6.65E-04  3.15E-03  5.21E+09  4.87E+07 -3.13E+12 -2.07E+12  3.50E+09 -1.21E+08 -1.88E+10  3.85E+07  3.20E+10  4.08E+09  3.11E+05  3.53E+09  1.65E+02  4.91E+11  6.02E-20  1.00E+10  0.00E+00  0.00E+00  2.32E+23
  1.336729E+10  1.00E-08  4.66E-04  6.40E-04  3.15E-03  3.92E+09  3.01E+07 -2.90E+12 -1.99E+12  3.50E+09 -1.47E+08 -1.76E+10 -4.75E+09  2.37E+09  8.46E+08  5.48E+05  3.52E+09  4.12E+01  3.01E+11  1.49E-18  1.00E+10  0.00E+00  0.00E+00  2.24E+23
  1.336729E+10  1.00E-08  4.66E-04  6.40E-04  3.15E-03  3.92E+09  3.00E+07 -2.90E+12 -1.99E+12  3.50E+09 -1.47E+08 -1.77E+10  4.25E+07  2.38E+09  8.32E+08  5.61E+05  3.52E+09  4.08E+01  3.01E+11  1.49E-18  1.00E+10  0.00E+00  0.00E+00  2.24E+23
  1.402474E+10  1.00E-08  4.61E-04  6.37E-04  3.15E-03  2.35E+09  2.29E+07 -2.87E+12 -1.98E+12  3.50E+09 -1.64E+08 -1.75E+10 -1.45E+09  2.60E+09  5.74E+08  1.01E+06  3.51E+09  3.32E+01  2.34E+11  1.40E-18  1.00E+10  0.00E+00  0.00E+00  2.23E+23
  1.403098E+10  1.00E-08  4.60E-04  6.37E-04  3.15E-03  2.34E+09  2.28E+07 -2.87E+12 -1.98E+12  3.50E+09 -1.64E+08 -1.75E+10 -1.45E+09  2.61E+09  5.72E+08  1.02E+06  3.51E+09  3.32E+01  2.34E+11  1.40E-18  1.00E+10  0.00E+00  0.00E+00  2.23E+23
  3.761511E+10  1.00E-08  3.09E-04  5.39E-04  3.15E-03  2.48E+09  3.31E+07 -1.92E+12 -1.68E+12  3.50E+09 -2.99E+08 -1.09E+10 -2.89E+10  4.73E+08  1.91E+06  7.51E+07  3.48E+09  1.79E-02  6.36E+15  3.84-119  1.00E+10  0.00E+00  0.00E+00  1.89E+23
  4.494725E+10  1.00E-08  2.76E-04  5.19E-04  3.14E-03  1.54E+11  2.88E+08 -1.72E+12 -1.62E+12  3.50E+09 -1.27E+08 -9.34E+09  1.40E+09  3.06E+10  3.20E+09  6.97E+07  3.59E+09  1.66E-03  3.91E+17  3.84-119  1.00E+10  0.00E+00  0.00E+00  1.83E+23
  5.183324E+10  1.00E-08  2.47E-04  5.00E-04  3.14E-03  1.59E+11  7.13E+08 -1.54E+12 -1.56E+12  3.50E+09 -7.16E+07 -8.55E+09  3.91E+08  2.26E+10  1.63E+10  4.45E+07  3.63E+09  1.76E-04  9.01E+17  6.10E-32  1.00E+10  0.00E+00  0.00E+00  1.76E+23
  8.632590E+10  1.00E-08  1.44E-04  4.13E-04  3.12E-03  1.58E+11  1.02E+09 -8.99E+11 -1.29E+12  3.50E+09 -6.99E+07 -4.57E+09  1.66E+10  2.41E+10  2.14E+10  4.14E+07  3.64E+09  2.06E-09  2.82E+18  1.53E-28  1.00E+10  0.00E+00  0.00E+00  1.46E+23
  9.751999E+10  1.00E-08  1.23E-04  3.93E-04  3.11E-03  1.55E+11  1.05E+09 -7.64E+11 -1.22E+12  3.50E+09 -7.02E+07 -3.76E+09  7.76E+09  2.53E+10  3.30E+10  4.30E+07  3.64E+09  5.20E-11  1.16E+19  1.44E-28  1.00E+10  0.00E+00  0.00E+00  1.39E+23
  1.063127E+11  1.00E-08  1.09E-04  3.83E-04  3.10E-03  1.43E+11  1.27E+09 -6.79E+11 -1.19E+12  3.50E+09 -6.41E+07 -3.02E+09  1.42E+09  2.88E+10  6.16E+10  5.35E+07  3.64E+09  2.94E-12  2.68E+19  1.07E-30  1.00E+10  0.00E+00  0.00E+00  1.36E+23
  5.378589E+12  1.00E-08  5.76E-06  9.15E-04  7.33E-04 -1.38E+12  1.79E+08 -3.60E+10 -2.86E+12  3.50E+09 -5.11E+07 -3.85E+06 -5.44E+08  8.12E+09  1.91E+10  6.48E+07  3.68E+09  2.39E-19  8.28E+19  3.84-119  1.00E+10  0.00E+00  0.00E+00  3.25E+23
  7.003392E+17  1.00E-08  1.63E-06  5.47E-03  4.44E-10 -8.56E+12  4.07E+03 -1.02E+10 -1.71E+13  3.50E+09 -2.96E+08  1.21E+04  2.43E+04  1.90E+02  5.79E+06  7.08E+07  3.48E+09  2.39E-19  6.08E+19  3.84-119  1.00E+10  0.00E+00  0.00E+00  1.92E+24
