# WARNING | PUMAS | The aerosols require higher scattering requirements, of NMAX:1 and LMAX:3, for the selected aerosols having a max g of 0.01.
# ------------------------------------------------------------------------
# Radiance spectrum
# NASA-GSFC Planetary Spectrum Generator (PSG) (Villanueva et al. 2018, 2022)
# Synthesized on Thu Nov 30 22:55:06 2023
# Doppler velocities [km/s] (vobs,vrot+vorb,vwidth,vrfl,vstr): 0.00000,-0.00000,0.00000,0.00000,0.00000
# ------------------------------------------------------------------------
# Spectra synthesized with the Planetary and Universal Model of Atmospheric Scattering (PUMAS, Villanueva et al. 2018, 2022)
# Single scattering radiative transfer method
# ------------------------------------------------------------------------
# Spectral unit: Wavelength [um]
# Radiance unit: Spectral radiance [W/sr/m2/um]
# Wave/freq Total Mars
4.500000000e-01  2.5613458e+01  2.56135e+01
4.532142857e-01  2.5907542e+01  2.59075e+01
4.564515306e-01  2.5917689e+01  2.59177e+01
4.597118987e-01  2.5482724e+01  2.54827e+01
4.629955551e-01  2.5370411e+01  2.53704e+01
4.663026662e-01  2.6229653e+01  2.62297e+01
4.696333995e-01  2.6443059e+01  2.64431e+01
4.729879238e-01  2.5898757e+01  2.58988e+01
4.763664090e-01  2.5846733e+01  2.58467e+01
4.797690262e-01  2.5664347e+01  2.56643e+01
4.831959478e-01  2.6503852e+01  2.65039e+01
4.866473474e-01  2.6509913e+01  2.65099e+01
4.901233999e-01  2.5679558e+01  2.56796e+01
4.936242814e-01  2.6015852e+01  2.60159e+01
4.971501691e-01  2.6212793e+01  2.62128e+01
5.007012417e-01  2.6922604e+01  2.69226e+01
5.042776792e-01  2.5126195e+01  2.51262e+01
5.078796626e-01  2.5672739e+01  2.56727e+01
5.115073745e-01  2.5360203e+01  2.53602e+01
5.151609986e-01  2.6424318e+01  2.64243e+01
5.188407200e-01  2.6072974e+01  2.60730e+01
5.225467251e-01  2.6048926e+01  2.60489e+01
5.262792017e-01  2.4573894e+01  2.45739e+01
5.300383389e-01  2.4731857e+01  2.47319e+01
5.338243270e-01  2.4821640e+01  2.48216e+01
5.376373579e-01  2.5341402e+01  2.53414e+01
5.414776248e-01  2.4741205e+01  2.47412e+01
5.453453221e-01  2.4121264e+01  2.41213e+01
5.492406458e-01  2.3985789e+01  2.39858e+01
5.531637933e-01  2.4228640e+01  2.42286e+01
5.571149632e-01  2.4476514e+01  2.44765e+01
5.610943558e-01  2.3829619e+01  2.38296e+01
5.651021727e-01  2.2618621e+01  2.26186e+01
5.691386168e-01  2.2460950e+01  2.24610e+01
5.732038926e-01  2.2243071e+01  2.22431e+01
5.772982061e-01  2.3012338e+01  2.30123e+01
5.814217647e-01  2.3259193e+01  2.32592e+01
5.855747773e-01  2.3293791e+01  2.32938e+01
5.897574543e-01  2.3101676e+01  2.31017e+01
5.939700076e-01  2.2648825e+01  2.26488e+01
5.982126505e-01  2.2400885e+01  2.24009e+01
6.024855980e-01  2.2178656e+01  2.21787e+01
6.067890665e-01  2.2866431e+01  2.28664e+01
6.111232741e-01  2.3177271e+01  2.31773e+01
6.154884404e-01  2.3756519e+01  2.37565e+01
6.198847864e-01  2.4478170e+01  2.44782e+01
6.243125349e-01  2.5094202e+01  2.50942e+01
6.287719101e-01  2.5811242e+01  2.58112e+01
6.332631380e-01  2.6362557e+01  2.63626e+01
6.377864462e-01  2.6949273e+01  2.69493e+01
6.423420636e-01  2.7458638e+01  2.74586e+01
6.469302212e-01  2.7811885e+01  2.78119e+01
6.515511514e-01  2.8607004e+01  2.86070e+01
6.562050882e-01  2.9265030e+01  2.92650e+01
6.608922674e-01  2.9962821e+01  2.99628e+01
6.656129264e-01  3.0432639e+01  3.04326e+01
6.703673045e-01  3.0805815e+01  3.08058e+01
6.751556424e-01  3.1250757e+01  3.12508e+01
6.799781827e-01  3.1826765e+01  3.18268e+01
6.848351697e-01  3.2137949e+01  3.21379e+01
6.897268495e-01  3.2453938e+01  3.24539e+01
6.946534698e-01  3.2387554e+01  3.23876e+01
6.996152803e-01  3.2891713e+01  3.28917e+01
7.046125323e-01  3.3134566e+01  3.31346e+01
7.096454790e-01  3.3347390e+01  3.33474e+01
7.147143753e-01  3.3159420e+01  3.31594e+01
7.198194780e-01  3.1289390e+01  3.12894e+01
7.249610457e-01  3.1663791e+01  3.16638e+01
7.301393388e-01  3.2394623e+01  3.23946e+01
7.353546198e-01  3.3595908e+01  3.35959e+01
7.406071528e-01  3.3807442e+01  3.38074e+01
7.458972039e-01  3.3608642e+01  3.36086e+01
7.512250411e-01  3.3671482e+01  3.36715e+01
7.565909342e-01  3.3803212e+01  3.38032e+01
7.619951552e-01  3.1367785e+01  3.13678e+01
7.674379777e-01  3.3498674e+01  3.34987e+01
7.729196776e-01  3.3435451e+01  3.34355e+01
7.784405324e-01  3.3031047e+01  3.30310e+01
7.840008219e-01  3.2633089e+01  3.26331e+01
7.896008278e-01  3.2402488e+01  3.24025e+01
7.952408337e-01  3.2544425e+01  3.25444e+01
8.009211254e-01  3.2295763e+01  3.22958e+01
8.066419906e-01  3.2233957e+01  3.22340e+01
8.124037191e-01  3.0795344e+01  3.07953e+01
8.182066028e-01  2.8366959e+01  2.83670e+01
8.240509357e-01  2.9350644e+01  2.93506e+01
8.299370138e-01  2.9592420e+01  2.95924e+01
8.358651353e-01  3.0814446e+01  3.08144e+01
8.418356005e-01  3.0902849e+01  3.09028e+01
8.478487120e-01  3.0648055e+01  3.06481e+01
8.539047742e-01  3.0208399e+01  3.02084e+01
8.600040940e-01  3.0087175e+01  3.00872e+01
8.661469804e-01  2.9713306e+01  2.97133e+01
8.723337446e-01  2.9071490e+01  2.90715e+01
8.785646999e-01  2.9388701e+01  2.93887e+01
8.848401620e-01  2.8999096e+01  2.89991e+01
8.911604489e-01  2.8427435e+01  2.84274e+01
8.975258807e-01  2.4234816e+01  2.42348e+01
9.039367798e-01  2.5511824e+01  2.55118e+01
9.103934711e-01  2.3790573e+01  2.37906e+01
9.168962816e-01  2.4169790e+01  2.41698e+01
9.234455408e-01  2.5004329e+01  2.50043e+01
9.300415803e-01  1.8927503e+01  1.89275e+01
9.366847345e-01  1.4186609e+01  1.41866e+01
9.433753397e-01  1.5534727e+01  1.55347e+01
9.501137350e-01  1.5616822e+01  1.56168e+01
9.569002617e-01  1.7904182e+01  1.79042e+01
9.637352636e-01  1.9533623e+01  1.95336e+01
9.706190869e-01  2.2711298e+01  2.27113e+01
