# WARNING | PUMAS | The aerosols require higher scattering requirements, of NMAX:1 and LMAX:38, for the selected aerosols having a max g of 0.84.
# ------------------------------------------------------------------------
# Radiance spectrum
# NASA-GSFC Planetary Spectrum Generator (PSG) (Villanueva et al. 2018, 2022)
# Synthesized on Thu Nov 30 22:55:04 2023
# Doppler velocities [km/s] (vobs,vrot+vorb,vwidth,vrfl,vstr): 0.00000,-0.00000,0.00000,0.00000,0.00000
# ------------------------------------------------------------------------
# Spectra synthesized with the Planetary and Universal Model of Atmospheric Scattering (PUMAS, Villanueva et al. 2018, 2022)
# Single scattering radiative transfer method
# ------------------------------------------------------------------------
# Spectral unit: Wavelength [um]
# Radiance unit: Spectral radiance [W/sr/m2/um]
# Wave/freq Total Mars
4.500000000e-01  3.1254246e+01  3.12542e+01
4.532142857e-01  3.1306962e+01  3.13070e+01
4.564515306e-01  3.1272863e+01  3.12729e+01
4.597118987e-01  3.1108328e+01  3.11083e+01
4.629955551e-01  3.1570318e+01  3.15703e+01
4.663026662e-01  3.1602064e+01  3.16021e+01
4.696333995e-01  3.1722133e+01  3.17221e+01
4.729879238e-01  3.1763794e+01  3.17638e+01
4.763664090e-01  3.1667833e+01  3.16678e+01
4.797690262e-01  3.1113062e+01  3.11131e+01
4.831959478e-01  3.0191098e+01  3.01911e+01
4.866473474e-01  2.8440545e+01  2.84405e+01
4.901233999e-01  3.1941340e+01  3.19413e+01
4.936242814e-01  3.2116535e+01  3.21165e+01
4.971501691e-01  3.2126864e+01  3.21269e+01
5.007012417e-01  3.1947158e+01  3.19472e+01
5.042776792e-01  3.1335721e+01  3.13357e+01
5.078796626e-01  3.0071586e+01  3.00716e+01
5.115073745e-01  3.0236654e+01  3.02367e+01
5.151609986e-01  3.1227924e+01  3.12279e+01
5.188407200e-01  3.1841084e+01  3.18411e+01
5.225467251e-01  3.1184297e+01  3.11843e+01
5.262792017e-01  3.1897573e+01  3.18976e+01
5.300383389e-01  3.1803994e+01  3.18040e+01
5.338243270e-01  3.0016681e+01  3.00167e+01
5.376373579e-01  2.4709093e+01  2.47091e+01
5.414776248e-01  1.6126194e+01  1.61262e+01
5.453453221e-01  2.0506134e+01  2.05061e+01
5.492406458e-01  3.2286455e+01  3.22865e+01
5.531637933e-01  3.2692211e+01  3.26922e+01
5.571149632e-01  3.2072051e+01  3.20721e+01
5.610943558e-01  3.2361991e+01  3.23620e+01
5.651021727e-01  3.1135741e+01  3.11357e+01
5.691386168e-01  2.8199592e+01  2.81996e+01
5.732038926e-01  2.3838166e+01  2.38382e+01
5.772982061e-01  2.2316163e+01  2.23162e+01
5.814217647e-01  2.9665908e+01  2.96659e+01
5.855747773e-01  3.3208916e+01  3.32089e+01
5.897574543e-01  3.2729442e+01  3.27294e+01
5.939700076e-01  2.6531677e+01  2.65317e+01
5.982126505e-01  2.4589968e+01  2.45900e+01
6.024855980e-01  2.9165859e+01  2.91659e+01
6.067890665e-01  2.7084467e+01  2.70845e+01
6.111232741e-01  1.5385527e+01  1.53855e+01
6.154884404e-01  5.4471445e+00  5.44714e+00
6.198847864e-01  3.2780223e+00  3.27802e+00
6.243125349e-01  8.2374790e+00  8.23748e+00
6.287719101e-01  2.6199588e+01  2.61996e+01
6.332631380e-01  3.2993242e+01  3.29932e+01
6.377864462e-01  3.0095042e+01  3.00950e+01
6.423420636e-01  2.4030860e+01  2.40309e+01
6.469302212e-01  2.3840979e+01  2.38410e+01
6.515511514e-01  1.9265185e+01  1.92652e+01
6.562050882e-01  1.3333582e+01  1.33336e+01
6.608922674e-01  9.8680238e+00  9.86802e+00
6.656129264e-01  5.7047119e+00  5.70471e+00
6.703673045e-01  8.3451118e+00  8.34511e+00
6.751556424e-01  2.4460294e+01  2.44603e+01
6.799781827e-01  2.3995073e+01  2.39951e+01
6.848351697e-01  1.6069892e+01  1.60699e+01
6.897268495e-01  2.4206772e+01  2.42068e+01
6.946534698e-01  1.5048294e+01  1.50483e+01
6.996152803e-01  4.0158408e+00  4.01584e+00
7.046125323e-01  3.3926578e+00  3.39266e+00
7.096454790e-01  7.0836350e+00  7.08364e+00
7.147143753e-01  4.3211379e+00  4.32114e+00
7.198194780e-01  9.0973881e-01  9.09739e-01
7.249610457e-01  4.1588681e-01  4.15887e-01
7.301393388e-01  4.4089998e-01  4.40900e-01
7.353546198e-01  1.0514960e+00  1.05150e+00
7.406071528e-01  4.7020136e+00  4.70201e+00
7.458972039e-01  2.5634605e+01  2.56346e+01
7.512250411e-01  2.6883795e+01  2.68838e+01
7.565909342e-01  2.1469424e+01  2.14694e+01
7.619951552e-01  5.6111020e+00  5.61110e+00
7.674379777e-01  3.8912999e+00  3.89130e+00
7.729196776e-01  2.6559435e+00  2.65594e+00
7.784405324e-01  1.3256511e+00  1.32565e+00
7.840008219e-01  7.8761869e-01  7.87619e-01
7.896008278e-01  9.4027651e-01  9.40277e-01
7.952408337e-01  6.2311956e-01  6.23120e-01
8.009211254e-01  6.6085319e-01  6.60853e-01
8.066419906e-01  1.0218242e+00  1.02182e+00
8.124037191e-01  1.8426464e+00  1.84265e+00
8.182066028e-01  6.4664532e+00  6.46645e+00
8.240509357e-01  1.4407327e+01  1.44073e+01
8.299370138e-01  2.0780383e+01  2.07804e+01
8.358651353e-01  1.5799988e+00  1.58000e+00
8.418356005e-01  5.9412559e-01  5.94126e-01
8.478487120e-01  1.1082849e+00  1.10828e+00
8.539047742e-01  5.9059206e-01  5.90592e-01
8.600040940e-01  1.6504588e-01  1.65046e-01
8.661469804e-01  1.3907176e-01  1.39072e-01
8.723337446e-01  1.6705920e-01  1.67059e-01
8.785646999e-01  8.8184552e-02  8.81846e-02
8.848401620e-01  1.1227799e-02  1.12278e-02
8.911604489e-01  1.2971961e-02  1.29720e-02
8.975258807e-01  1.7118027e-02  1.71180e-02
9.039367798e-01  5.9514606e-02  5.95146e-02
9.103934711e-01  1.7514973e-01  1.75150e-01
9.168962816e-01  3.3651350e-01  3.36514e-01
9.234455408e-01  8.3066851e-01  8.30669e-01
9.300415803e-01  3.1117703e+00  3.11177e+00
9.366847345e-01  9.4383956e+00  9.43840e+00
9.433753397e-01  3.4640510e+00  3.46405e+00
9.501137350e-01  3.7258175e-01  3.72582e-01
9.569002617e-01  2.1684729e-01  2.16847e-01
9.637352636e-01  6.8831388e-02  6.88314e-02
9.706190869e-01  2.9748933e-02  2.97489e-02
