# WARNING | PUMAS | The aerosols require higher scattering requirements, of NMAX:1 and LMAX:35, for the selected aerosols having a max g of 0.82.
# ------------------------------------------------------------------------
# Radiance spectrum
# NASA-GSFC Planetary Spectrum Generator (PSG) (Villanueva et al. 2018, 2022)
# Synthesized on Thu Nov 30 22:51:55 2023
# Doppler velocities [km/s] (vobs,vrot+vorb,vwidth,vrfl,vstr): 0.00000,-0.00000,0.01000,0.00000,0.00000
# ------------------------------------------------------------------------
# Spectra synthesized with the Planetary and Universal Model of Atmospheric Scattering (PUMAS, Villanueva et al. 2018, 2022)
# Single scattering radiative transfer method
# ------------------------------------------------------------------------
# Spectral unit: Wavelength [um]
# Radiance unit: Spectral radiance [W/sr/m2/um]
# Wave/freq Total Mars
4.000000000e-01  2.3276860e+01  2.32769e+01
4.020000000e-01  2.3516434e+01  2.35164e+01
4.040100000e-01  2.3753137e+01  2.37531e+01
4.060300500e-01  2.3974173e+01  2.39742e+01
4.080602003e-01  2.4216121e+01  2.42161e+01
4.101005013e-01  2.4443913e+01  2.44439e+01
4.121510038e-01  2.4674326e+01  2.46743e+01
4.142117588e-01  2.4903468e+01  2.49035e+01
4.162828176e-01  2.5145206e+01  2.51452e+01
4.183642317e-01  2.5375163e+01  2.53752e+01
4.204560528e-01  2.5597079e+01  2.55971e+01
4.225583331e-01  2.5843424e+01  2.58434e+01
4.246711247e-01  2.6072315e+01  2.60723e+01
4.267944804e-01  2.6302861e+01  2.63029e+01
4.289284528e-01  2.6526135e+01  2.65261e+01
4.310730950e-01  2.6744321e+01  2.67443e+01
4.332284605e-01  2.6956995e+01  2.69570e+01
4.353946028e-01  2.7166094e+01  2.71661e+01
4.375715758e-01  2.7374529e+01  2.73745e+01
4.397594337e-01  2.7554642e+01  2.75546e+01
4.419582309e-01  2.7697840e+01  2.76978e+01
4.441680220e-01  2.8002875e+01  2.80029e+01
4.463888621e-01  2.8227021e+01  2.82270e+01
4.486208064e-01  2.8433532e+01  2.84335e+01
4.508639105e-01  2.8641239e+01  2.86412e+01
4.531182300e-01  2.8831939e+01  2.88319e+01
4.553838212e-01  2.9015283e+01  2.90153e+01
4.576607403e-01  2.9186614e+01  2.91866e+01
4.599490440e-01  2.9339440e+01  2.93394e+01
4.622487892e-01  2.9601746e+01  2.96017e+01
4.645600332e-01  2.9784711e+01  2.97847e+01
4.668828333e-01  2.9960181e+01  2.99602e+01
4.692172475e-01  3.0144052e+01  3.01441e+01
4.715633337e-01  3.0318871e+01  3.03189e+01
4.739211504e-01  3.0478114e+01  3.04781e+01
4.762907561e-01  3.0631741e+01  3.06317e+01
4.786722099e-01  3.0752750e+01  3.07527e+01
4.810655710e-01  3.0793793e+01  3.07938e+01
4.834708988e-01  3.0812309e+01  3.08123e+01
4.858882533e-01  3.0509303e+01  3.05093e+01
4.883176946e-01  3.1334542e+01  3.13345e+01
4.907592831e-01  3.1580982e+01  3.15810e+01
4.932130795e-01  3.1734462e+01  3.17345e+01
4.956791449e-01  3.1872460e+01  3.18725e+01
4.981575406e-01  3.1999868e+01  3.19999e+01
5.006483283e-01  3.2101914e+01  3.21019e+01
5.031515699e-01  3.2090634e+01  3.20906e+01
5.056673278e-01  3.2149724e+01  3.21497e+01
5.081956644e-01  3.2132019e+01  3.21320e+01
5.107366428e-01  3.2259327e+01  3.22593e+01
5.132903260e-01  3.2668541e+01  3.26685e+01
5.158567776e-01  3.2670204e+01  3.26702e+01
5.184360615e-01  3.2910001e+01  3.29100e+01
5.210282418e-01  3.2919095e+01  3.29191e+01
5.236333830e-01  3.3001099e+01  3.30011e+01
5.262515499e-01  3.3170581e+01  3.31706e+01
5.288828077e-01  3.3275253e+01  3.32753e+01
5.315272217e-01  3.3281410e+01  3.32814e+01
5.341848578e-01  3.3175714e+01  3.31757e+01
5.368557821e-01  3.2676943e+01  3.26769e+01
5.395400610e-01  3.1911881e+01  3.19119e+01
5.422377613e-01  3.0205508e+01  3.02055e+01
5.449489501e-01  3.1523198e+01  3.15232e+01
5.476736949e-01  3.3628528e+01  3.36285e+01
5.504120634e-01  3.3933779e+01  3.39338e+01
5.531641237e-01  3.3991937e+01  3.39919e+01
5.559299443e-01  3.3976297e+01  3.39763e+01
5.587095940e-01  3.4034628e+01  3.40346e+01
5.615031420e-01  3.4094346e+01  3.40943e+01
5.643106577e-01  3.4078676e+01  3.40787e+01
5.671322110e-01  3.3856389e+01  3.38564e+01
5.699678720e-01  3.3552300e+01  3.35523e+01
5.728177114e-01  3.3189131e+01  3.31891e+01
5.756818000e-01  3.2725501e+01  3.27255e+01
5.785602090e-01  3.3191445e+01  3.31914e+01
5.814530100e-01  3.3752441e+01  3.37524e+01
5.843602750e-01  3.3903124e+01  3.39031e+01
5.872820764e-01  3.3769135e+01  3.37691e+01
5.902184868e-01  3.3220736e+01  3.32207e+01
5.931695792e-01  3.2968045e+01  3.29680e+01
5.961354271e-01  3.2616873e+01  3.26169e+01
5.991161043e-01  3.2874710e+01  3.28747e+01
6.021116848e-01  3.3303784e+01  3.33038e+01
6.051222432e-01  3.3376178e+01  3.33762e+01
6.081478544e-01  3.2767418e+01  3.27674e+01
6.111885937e-01  3.1841291e+01  3.18413e+01
6.142445367e-01  2.7994986e+01  2.79950e+01
6.173157594e-01  2.4795449e+01  2.47954e+01
6.204023382e-01  2.2773953e+01  2.27740e+01
6.235043498e-01  2.7210934e+01  2.72109e+01
6.266218716e-01  3.1868220e+01  3.18682e+01
6.297549810e-01  3.2743574e+01  3.27436e+01
6.329037559e-01  3.2846448e+01  3.28464e+01
6.360682746e-01  3.2718221e+01  3.27182e+01
6.392486160e-01  3.2460774e+01  3.24608e+01
6.424448591e-01  3.2010001e+01  3.20100e+01
6.456570834e-01  3.1831744e+01  3.18317e+01
6.488853688e-01  3.1253681e+01  3.12537e+01
6.521297956e-01  3.1068242e+01  3.10682e+01
6.553904446e-01  3.0287082e+01  3.02871e+01
6.586673968e-01  2.9852984e+01  2.98530e+01
6.619607338e-01  2.9305540e+01  2.93055e+01
6.652705375e-01  2.7317389e+01  2.73174e+01
6.685968902e-01  2.8246305e+01  2.82463e+01
6.719398746e-01  3.0035261e+01  3.00353e+01
6.752995740e-01  3.1139930e+01  3.11399e+01
6.786760719e-01  3.1261032e+01  3.12610e+01
6.820694522e-01  3.0214311e+01  3.02143e+01
6.854797995e-01  3.0120377e+01  3.01204e+01
6.889071985e-01  3.0540905e+01  3.05409e+01
6.923517345e-01  2.9980952e+01  2.99810e+01
6.958134932e-01  2.8492277e+01  2.84923e+01
6.992925606e-01  2.5878316e+01  2.58783e+01
7.027890234e-01  2.3873827e+01  2.38738e+01
7.063029686e-01  2.5588803e+01  2.55888e+01
7.098344834e-01  2.7364866e+01  2.73649e+01
7.133836558e-01  2.7589139e+01  2.75891e+01
7.169505741e-01  2.1636269e+01  2.16363e+01
7.205353270e-01  1.7787717e+01  1.77877e+01
7.241380036e-01  1.6334181e+01  1.63342e+01
7.277586936e-01  1.5375658e+01  1.53757e+01
7.313974871e-01  1.6561706e+01  1.65617e+01
7.350544745e-01  1.9137345e+01  1.91373e+01
7.387297469e-01  2.2997331e+01  2.29973e+01
7.424233956e-01  2.7234223e+01  2.72342e+01
7.461355126e-01  2.7845546e+01  2.78455e+01
7.498661902e-01  2.7695180e+01  2.76952e+01
7.536155211e-01  2.7550104e+01  2.75501e+01
7.573835987e-01  2.6941979e+01  2.69420e+01
7.611705167e-01  2.5233305e+01  2.52333e+01
7.649763693e-01  2.4317223e+01  2.43172e+01
7.688012511e-01  2.4014495e+01  2.40145e+01
7.726452574e-01  2.3008276e+01  2.30083e+01
7.765084837e-01  2.1531998e+01  2.15320e+01
7.803910261e-01  1.8661737e+01  1.86617e+01
7.842929812e-01  1.7627060e+01  1.76271e+01
7.882144461e-01  1.8462127e+01  1.84621e+01
7.921555184e-01  1.7605373e+01  1.76054e+01
7.961162960e-01  1.6404940e+01  1.64049e+01
8.000968774e-01  1.6698395e+01  1.66984e+01
8.040973618e-01  1.7881621e+01  1.78816e+01
8.081178486e-01  1.9450647e+01  1.94506e+01
8.121584379e-01  2.0365624e+01  2.03656e+01
8.162192301e-01  2.0761377e+01  2.07614e+01
8.203003262e-01  2.2241782e+01  2.22418e+01
8.244018279e-01  2.2273869e+01  2.22739e+01
8.285238370e-01  2.2266292e+01  2.22663e+01
8.326664562e-01  2.2343624e+01  2.23436e+01
8.368297885e-01  1.8667256e+01  1.86673e+01
8.410139374e-01  1.6191191e+01  1.61912e+01
8.452190071e-01  1.7758803e+01  1.77588e+01
8.494451021e-01  1.8926373e+01  1.89264e+01
8.536923276e-01  1.6289384e+01  1.62894e+01
8.579607893e-01  1.3438974e+01  1.34390e+01
8.622505932e-01  1.1990606e+01  1.19906e+01
8.665618462e-01  1.2203989e+01  1.22040e+01
8.708946554e-01  1.2427408e+01  1.24274e+01
8.752491287e-01  1.2711351e+01  1.27114e+01
8.796253743e-01  1.0529526e+01  1.05295e+01
8.840235012e-01  6.2940556e+00  6.29406e+00
8.884436187e-01  5.6341894e+00  5.63419e+00
8.928858368e-01  6.2948210e+00  6.29482e+00
8.973502660e-01  7.1684734e+00  7.16847e+00
9.018370173e-01  9.0192963e+00  9.01930e+00
9.063462024e-01  1.1320757e+01  1.13208e+01
9.108779334e-01  1.2228384e+01  1.22284e+01
9.154323231e-01  1.2904645e+01  1.29046e+01
9.200094847e-01  1.4612746e+01  1.46127e+01
9.246095321e-01  1.5996174e+01  1.59962e+01
9.292325798e-01  1.5478331e+01  1.54783e+01
9.338787427e-01  1.3517711e+01  1.35177e+01
9.385481364e-01  1.4326685e+01  1.43267e+01
9.432408771e-01  1.4053337e+01  1.40533e+01
9.479570815e-01  1.3135125e+01  1.31351e+01
9.526968669e-01  1.1524402e+01  1.15244e+01
9.574603512e-01  1.1269491e+01  1.12695e+01
9.622476530e-01  9.8492988e+00  9.84930e+00
9.670588912e-01  9.5574062e+00  9.55741e+00
9.718941857e-01  7.8067977e+00  7.80680e+00
9.767536566e-01  8.0314893e+00  8.03149e+00
9.816374249e-01  7.3786384e+00  7.37864e+00
9.865456120e-01  7.2314709e+00  7.23147e+00
9.914783401e-01  6.3848237e+00  6.38482e+00
9.964357318e-01  6.4671921e+00  6.46719e+00
1.001417910e+00  6.0909473e+00  6.09095e+00
1.006425000e+00  6.3289327e+00  6.32893e+00
1.011457125e+00  6.4717490e+00  6.47175e+00
1.016514411e+00  6.7280597e+00  6.72806e+00
1.021596983e+00  7.2424123e+00  7.24241e+00
1.026704968e+00  7.6474092e+00  7.64741e+00
1.031838492e+00  8.3331693e+00  8.33317e+00
1.036997685e+00  8.7986737e+00  8.79867e+00
1.042182673e+00  9.3000915e+00  9.30009e+00
1.047393587e+00  1.0259751e+01  1.02598e+01
1.052630555e+00  1.4571989e+01  1.45720e+01
1.057893707e+00  1.4664031e+01  1.46640e+01
1.063183176e+00  1.4461960e+01  1.44620e+01
1.068499092e+00  1.4295213e+01  1.42952e+01
1.073841587e+00  1.4122369e+01  1.41224e+01
1.079210795e+00  1.3865654e+01  1.38657e+01
1.084606849e+00  1.3518718e+01  1.35187e+01
1.090029883e+00  1.0418920e+01  1.04189e+01
1.095480033e+00  9.7390433e+00  9.73904e+00
1.100957433e+00  1.0655915e+01  1.06559e+01
1.106462220e+00  8.2559153e+00  8.25592e+00
1.111994531e+00  6.3806704e+00  6.38067e+00
1.117554504e+00  5.6902640e+00  5.69026e+00
1.123142276e+00  3.8694577e+00  3.86946e+00
1.128757988e+00  4.0389567e+00  4.03896e+00
1.134401778e+00  3.5134018e+00  3.51340e+00
1.140073787e+00  4.0743333e+00  4.07433e+00
1.145774156e+00  3.4776998e+00  3.47770e+00
1.151503026e+00  2.4027633e+00  2.40276e+00
1.157260541e+00  2.5639801e+00  2.56398e+00
1.163046844e+00  2.1350924e+00  2.13509e+00
1.168862078e+00  2.5559538e+00  2.55595e+00
1.174706389e+00  2.7846103e+00  2.78461e+00
1.180579921e+00  3.1434762e+00  3.14348e+00
1.186482820e+00  3.4103482e+00  3.41035e+00
1.192415234e+00  4.1345209e+00  4.13452e+00
1.198377311e+00  4.7904014e+00  4.79040e+00
1.204369197e+00  5.1019921e+00  5.10199e+00
1.210391043e+00  5.5854037e+00  5.58540e+00
1.216442998e+00  5.6666853e+00  5.66669e+00
1.222525213e+00  5.8755668e+00  5.87557e+00
1.228637839e+00  5.6352448e+00  5.63524e+00
1.234781029e+00  5.7149273e+00  5.71493e+00
1.240954934e+00  6.4132336e+00  6.41323e+00
1.247159708e+00  6.8431723e+00  6.84317e+00
1.253395507e+00  7.8357097e+00  7.83571e+00
1.259662485e+00  8.1958846e+00  8.19588e+00
1.265960797e+00  8.4066281e+00  8.40663e+00
1.272290601e+00  8.5200505e+00  8.52005e+00
1.278652054e+00  8.7513592e+00  8.75136e+00
1.285045314e+00  8.6291500e+00  8.62915e+00
1.291470541e+00  7.7583800e+00  7.75838e+00
1.297927893e+00  6.1100822e+00  6.11008e+00
1.304417533e+00  4.5462412e+00  4.54624e+00
1.310939621e+00  3.8995133e+00  3.89951e+00
1.317494319e+00  3.6551000e+00  3.65510e+00
1.324081790e+00  3.6175856e+00  3.61759e+00
1.330702199e+00  2.4474878e+00  2.44749e+00
1.337355710e+00  2.7783790e+00  2.77838e+00
1.344042489e+00  2.2715676e+00  2.27157e+00
1.350762701e+00  2.0420100e+00  2.04201e+00
1.357516515e+00  1.6507712e+00  1.65077e+00
1.364304097e+00  1.7738704e+00  1.77387e+00
1.371125618e+00  1.6414665e+00  1.64147e+00
1.377981246e+00  1.5820892e+00  1.58209e+00
1.384871152e+00  1.4287635e+00  1.42876e+00
1.391795508e+00  1.5550692e+00  1.55507e+00
1.398754485e+00  1.4762262e+00  1.47623e+00
1.405748258e+00  1.5291577e+00  1.52916e+00
1.412776999e+00  1.6778640e+00  1.67786e+00
1.419840884e+00  2.0194668e+00  2.01947e+00
1.426940089e+00  2.0197929e+00  2.01979e+00
1.434074789e+00  2.2443143e+00  2.24431e+00
1.441245163e+00  2.4582931e+00  2.45829e+00
1.448451389e+00  2.5574936e+00  2.55749e+00
1.455693646e+00  2.6721602e+00  2.67216e+00
1.462972114e+00  2.7941587e+00  2.79416e+00
1.470286975e+00  2.5970314e+00  2.59703e+00
1.477638409e+00  2.7024374e+00  2.70244e+00
1.485026601e+00  2.8381789e+00  2.83818e+00
1.492451734e+00  3.0977363e+00  3.09774e+00
1.499913993e+00  3.3308413e+00  3.33084e+00
1.507413563e+00  3.3380666e+00  3.33807e+00
1.514950631e+00  3.5869126e+00  3.58691e+00
1.522525384e+00  3.9555946e+00  3.95559e+00
1.530138011e+00  4.2528652e+00  4.25287e+00
1.537788701e+00  4.2170256e+00  4.21703e+00
1.545477645e+00  4.6858137e+00  4.68581e+00
1.553205033e+00  4.8248191e+00  4.82482e+00
1.560971058e+00  4.4441241e+00  4.44412e+00
1.568775913e+00  3.5626783e+00  3.56268e+00
1.576619793e+00  3.0628520e+00  3.06285e+00
1.584502892e+00  4.1212853e+00  4.12129e+00
1.592425406e+00  3.8988891e+00  3.89889e+00
1.600387533e+00  2.6418499e+00  2.64185e+00
1.608389471e+00  2.5720352e+00  2.57204e+00
1.616431418e+00  1.8343000e+00  1.83430e+00
1.624513575e+00  1.4721453e+00  1.47215e+00
1.632636143e+00  1.2984061e+00  1.29841e+00
1.640799324e+00  1.3875918e+00  1.38759e+00
1.649003321e+00  1.0032827e+00  1.00328e+00
1.657248337e+00  1.2410464e+00  1.24105e+00
1.665534579e+00  9.5622055e-01  9.56221e-01
1.673862252e+00  1.0135206e+00  1.01352e+00
1.682231563e+00  1.0857711e+00  1.08577e+00
1.690642721e+00  9.0600613e-01  9.06006e-01
1.699095934e+00  6.4655035e-01  6.46550e-01
1.707591414e+00  6.3719527e-01  6.37195e-01
1.716129371e+00  9.2951436e-01  9.29514e-01
1.724710018e+00  7.0527627e-01  7.05276e-01
1.733333568e+00  6.5820570e-01  6.58206e-01
1.742000236e+00  8.5838602e-01  8.58386e-01
1.750710237e+00  8.6242953e-01  8.62430e-01
1.759463788e+00  8.2068086e-01  8.20681e-01
1.768261107e+00  7.9470838e-01  7.94708e-01
1.777102413e+00  8.2429626e-01  8.24296e-01
1.785987925e+00  7.3918150e-01  7.39182e-01
1.794917864e+00  7.4930271e-01  7.49303e-01
1.803892454e+00  8.8264660e-01  8.82647e-01
1.812911916e+00  8.6151906e-01  8.61519e-01
1.821976476e+00  8.7241484e-01  8.72415e-01
1.831086358e+00  8.6879679e-01  8.68797e-01
1.840241790e+00  8.5250803e-01  8.52508e-01
1.849442999e+00  9.0118952e-01  9.01190e-01
1.858690214e+00  9.7510775e-01  9.75108e-01
1.867983665e+00  1.0110478e+00  1.01105e+00
1.877323583e+00  1.0701413e+00  1.07014e+00
1.886710201e+00  1.0777455e+00  1.07775e+00
1.896143752e+00  1.0751240e+00  1.07512e+00
1.905624471e+00  1.0283334e+00  1.02833e+00
1.915152593e+00  9.9488563e-01  9.94886e-01
1.924728356e+00  9.7282514e-01  9.72825e-01
1.934351998e+00  1.0274266e+00  1.02743e+00
1.944023758e+00  1.0371905e+00  1.03719e+00
1.953743877e+00  8.7005049e-01  8.70050e-01
1.963512596e+00  8.8234650e-01  8.82347e-01
1.973330159e+00  1.0195113e+00  1.01951e+00
1.983196810e+00  1.3970280e+00  1.39703e+00
1.993112794e+00  1.3062512e+00  1.30625e+00
2.003078358e+00  6.9393950e-01  6.93940e-01
2.013093750e+00  6.8936578e-01  6.89366e-01
2.023159218e+00  7.8579553e-01  7.85796e-01
2.033275015e+00  9.1545705e-01  9.15457e-01
2.043441390e+00  9.0594504e-01  9.05945e-01
2.053658597e+00  7.3795455e-01  7.37955e-01
2.063926890e+00  7.4100566e-01  7.41006e-01
2.074246524e+00  7.7695965e-01  7.76960e-01
2.084617757e+00  8.5676336e-01  8.56763e-01
2.095040845e+00  1.1345592e+00  1.13456e+00
2.105516050e+00  1.4133688e+00  1.41337e+00
2.116043630e+00  1.0443075e+00  1.04431e+00
2.126623848e+00  7.7792066e-01  7.77921e-01
2.137256967e+00  8.2938807e-01  8.29388e-01
2.147943252e+00  5.4484057e-01  5.44841e-01
2.158682968e+00  4.3313665e-01  4.33137e-01
2.169476383e+00  3.5435466e-01  3.54355e-01
2.180323765e+00  4.5714641e-01  4.57146e-01
2.191225384e+00  3.8811386e-01  3.88114e-01
2.202181511e+00  1.3587752e-01  1.35878e-01
2.213192418e+00  2.7439412e-01  2.74394e-01
2.224258381e+00  2.2820155e-01  2.28202e-01
2.235379672e+00  1.7800818e-01  1.78008e-01
2.246556571e+00  1.2794457e-01  1.27945e-01
2.257789354e+00  1.1814715e-01  1.18147e-01
2.269078300e+00  1.2228023e-01  1.22280e-01
2.280423692e+00  1.1628562e-01  1.16286e-01
2.291825810e+00  7.9981862e-02  7.99819e-02
2.303284939e+00  8.2555525e-02  8.25555e-02
2.314801364e+00  1.0286425e-01  1.02864e-01
2.326375371e+00  7.7237842e-02  7.72378e-02
2.338007248e+00  7.8251769e-02  7.82518e-02
2.349697284e+00  6.2082164e-02  6.20822e-02
2.361445770e+00  8.9328843e-02  8.93288e-02
2.373252999e+00  6.1893329e-02  6.18933e-02
2.385119264e+00  9.1380181e-02  9.13802e-02
2.397044861e+00  1.0144044e-01  1.01440e-01
2.409030085e+00  1.4533936e-01  1.45339e-01
2.421075235e+00  1.1120855e-01  1.11209e-01
2.433180612e+00  1.1141110e-01  1.11411e-01
2.445346515e+00  1.4931954e-01  1.49320e-01
2.457573247e+00  1.5837658e-01  1.58377e-01
2.469861113e+00  1.7496915e-01  1.74969e-01
2.482210419e+00  1.8708573e-01  1.87086e-01
2.494621471e+00  2.0472153e-01  2.04722e-01
2.507094578e+00  2.0960153e-01  2.09602e-01
2.519630051e+00  2.0859775e-01  2.08598e-01
2.532228202e+00  2.0823065e-01  2.08231e-01
2.544889343e+00  1.9262585e-01  1.92626e-01
2.557613789e+00  1.3382991e-01  1.33830e-01
2.570401858e+00  1.3470960e-01  1.34710e-01
2.583253867e+00  1.4001820e-01  1.40018e-01
2.596170137e+00  1.2977331e-01  1.29773e-01
2.609150988e+00  1.5684485e-01  1.56845e-01
2.622196742e+00  1.7614961e-01  1.76150e-01
2.635307726e+00  1.8762605e-01  1.87626e-01
2.648484265e+00  1.9840312e-01  1.98403e-01
2.661726686e+00  1.7642836e-01  1.76428e-01
2.675035320e+00  6.5643141e-02  6.56431e-02
2.688410496e+00  5.3582681e-02  5.35827e-02
2.701852549e+00  4.8480875e-02  4.84809e-02
2.715361811e+00  8.2724487e-02  8.27245e-02
2.728938620e+00  1.1527806e-01  1.15278e-01
2.742583314e+00  8.5825340e-02  8.58253e-02
2.756296230e+00  4.5710172e-02  4.57102e-02
2.770077711e+00  4.7832575e-02  4.78326e-02
2.783928100e+00  4.5065589e-02  4.50656e-02
2.797847740e+00  6.5656115e-02  6.56561e-02
2.811836979e+00  7.7649922e-02  7.76499e-02
2.825896164e+00  9.4961599e-02  9.49616e-02
2.840025645e+00  1.0327671e-01  1.03277e-01
2.854225773e+00  1.0991488e-01  1.09915e-01
2.868496902e+00  1.1681331e-01  1.16813e-01
2.882839386e+00  1.3282636e-01  1.32826e-01
2.897253583e+00  1.7614518e-01  1.76145e-01
2.911739851e+00  1.6674946e-01  1.66749e-01
2.926298550e+00  2.2470202e-01  2.24702e-01
2.940930043e+00  1.8639095e-01  1.86391e-01
2.955634693e+00  2.0636746e-01  2.06367e-01
2.970412867e+00  1.4799687e-01  1.47997e-01
2.985264931e+00  2.3365418e-01  2.33654e-01
3.000191256e+00  2.2549759e-01  2.25498e-01
3.015192212e+00  1.9445243e-01  1.94452e-01
3.030268173e+00  1.8756909e-01  1.87569e-01
3.045419514e+00  1.4029118e-01  1.40291e-01
3.060646612e+00  1.2219142e-01  1.22191e-01
3.075949845e+00  1.3481483e-01  1.34815e-01
3.091329594e+00  1.0121558e-01  1.01216e-01
3.106786242e+00  8.2533683e-02  8.25337e-02
3.122320173e+00  6.0519194e-02  6.05192e-02
3.137931774e+00  5.4055367e-02  5.40554e-02
3.153621433e+00  3.7227725e-02  3.72277e-02
3.169389540e+00  3.3048848e-02  3.30488e-02
3.185236488e+00  2.3039419e-02  2.30394e-02
3.201162670e+00  1.6180095e-02  1.61801e-02
3.217168483e+00  1.5156138e-02  1.51561e-02
3.233254326e+00  1.3157549e-02  1.31575e-02
3.249420598e+00  1.1500795e-02  1.15008e-02
3.265667701e+00  1.4246476e-02  1.42465e-02
3.281996039e+00  1.8067831e-02  1.80678e-02
3.298406019e+00  1.6967273e-02  1.69673e-02
3.314898049e+00  5.7690452e-03  5.76905e-03
3.331472540e+00  9.3604159e-03  9.36042e-03
3.348129902e+00  1.5410226e-02  1.54102e-02
3.364870552e+00  1.3226959e-02  1.32270e-02
3.381694905e+00  1.3389680e-02  1.33897e-02
3.398603379e+00  1.3885608e-02  1.38856e-02
3.415596396e+00  1.4590841e-02  1.45908e-02
3.432674378e+00  1.4552509e-02  1.45525e-02
3.449837750e+00  1.4771980e-02  1.47720e-02
3.467086939e+00  1.5480129e-02  1.54801e-02
3.484422373e+00  1.5511085e-02  1.55111e-02
3.501844485e+00  1.9508958e-02  1.95090e-02
3.519353708e+00  2.0172842e-02  2.01728e-02
3.536950476e+00  1.7650014e-02  1.76500e-02
3.554635228e+00  2.1643953e-02  2.16440e-02
3.572408405e+00  2.0139413e-02  2.01394e-02
3.590270447e+00  1.9962547e-02  1.99625e-02
3.608221799e+00  2.0226773e-02  2.02268e-02
3.626262908e+00  2.4476718e-02  2.44767e-02
3.644394222e+00  2.4466464e-02  2.44665e-02
3.662616193e+00  2.5767865e-02  2.57679e-02
3.680929274e+00  2.7712924e-02  2.77129e-02
3.699333921e+00  2.7812412e-02  2.78124e-02
3.717830590e+00  2.8397048e-02  2.83970e-02
3.736419743e+00  2.7587426e-02  2.75874e-02
3.755101842e+00  3.0463032e-02  3.04630e-02
3.773877351e+00  2.9138125e-02  2.91381e-02
3.792746738e+00  2.8972712e-02  2.89727e-02
3.811710472e+00  3.2270410e-02  3.22704e-02
3.830769024e+00  3.3550043e-02  3.35500e-02
3.849922869e+00  3.0319906e-02  3.03199e-02
3.869172484e+00  3.2177301e-02  3.21773e-02
3.888518346e+00  3.3850467e-02  3.38505e-02
3.907960938e+00  3.4672532e-02  3.46725e-02
3.927500742e+00  3.6511298e-02  3.65113e-02
3.947138246e+00  3.7642738e-02  3.76427e-02
3.966873937e+00  3.9579597e-02  3.95796e-02
3.986708307e+00  4.4579481e-02  4.45795e-02
4.006641849e+00  4.1057221e-02  4.10572e-02
4.026675058e+00  5.1690701e-02  5.16907e-02
4.046808433e+00  4.9325543e-02  4.93255e-02
4.067042475e+00  5.5706983e-02  5.57070e-02
4.087377688e+00  7.2575598e-02  7.25756e-02
4.107814576e+00  7.2347981e-02  7.23480e-02
4.128353649e+00  9.8517682e-02  9.85177e-02
4.148995417e+00  7.1702874e-02  7.17029e-02
4.169740394e+00  5.8149311e-02  5.81493e-02
4.190589096e+00  5.5925959e-02  5.59260e-02
4.211542042e+00  6.4186793e-02  6.41868e-02
4.232599752e+00  6.5257391e-02  6.52574e-02
4.253762751e+00  6.7987955e-02  6.79880e-02
4.275031564e+00  6.8689752e-02  6.86898e-02
4.296406722e+00  7.4443462e-02  7.44435e-02
4.317888756e+00  7.6921534e-02  7.69215e-02
4.339478200e+00  7.9126253e-02  7.91263e-02
4.361175591e+00  8.1496385e-02  8.14964e-02
4.382981469e+00  8.3645262e-02  8.36453e-02
4.404896376e+00  8.7134903e-02  8.71349e-02
4.426920858e+00  8.8243650e-02  8.82437e-02
4.449055462e+00  8.4830732e-02  8.48307e-02
4.471300739e+00  8.0370803e-02  8.03708e-02
4.493657243e+00  1.3190621e-01  1.31906e-01
4.516125529e+00  2.2995909e-01  2.29959e-01
4.538706157e+00  1.5325504e-01  1.53255e-01
4.561399688e+00  1.0847367e-01  1.08474e-01
4.584206686e+00  9.3279049e-02  9.32790e-02
4.607127720e+00  9.4851361e-02  9.48514e-02
4.630163358e+00  9.9363296e-02  9.93633e-02
4.653314175e+00  1.4950457e-01  1.49505e-01
4.676580746e+00  1.5958605e-01  1.59586e-01
4.699963650e+00  1.1737568e-01  1.17376e-01
4.723463468e+00  1.1577043e-01  1.15770e-01
4.747080785e+00  1.3337002e-01  1.33370e-01
4.770816189e+00  1.5960198e-01  1.59602e-01
4.794670270e+00  1.8650387e-01  1.86504e-01
4.818643622e+00  1.7002550e-01  1.70025e-01
4.842736840e+00  1.7020839e-01  1.70208e-01
4.866950524e+00  2.1619295e-01  2.16193e-01
4.891285276e+00  4.1366292e-01  4.13663e-01
4.915741703e+00  7.2154412e-01  7.21544e-01
4.940320411e+00  8.7245226e-01  8.72452e-01
4.965022013e+00  1.0285850e+00  1.02859e+00
4.989847123e+00  1.1824126e+00  1.18241e+00
5.014796359e+00  8.5911598e-01  8.59116e-01
5.039870341e+00  1.2673691e+00  1.26737e+00
5.065069693e+00  1.3329099e+00  1.33291e+00
5.090395041e+00  9.9968304e-01  9.99683e-01
5.115847016e+00  1.1215196e+00  1.12152e+00
5.141426251e+00  7.7282889e-01  7.72829e-01
5.167133383e+00  7.1709503e-01  7.17095e-01
5.192969049e+00  8.4147110e-01  8.41471e-01
5.218933895e+00  5.9946318e-01  5.99463e-01
5.245028564e+00  7.0956147e-01  7.09561e-01
5.271253707e+00  8.7788175e-01  8.77882e-01
5.297609976e+00  8.4935677e-01  8.49357e-01
5.324098025e+00  1.1335427e+00  1.13354e+00
5.350718516e+00  6.3097085e-01  6.30971e-01
5.377472108e+00  9.9215258e-01  9.92153e-01
5.404359469e+00  9.3175571e-01  9.31756e-01
5.431381266e+00  7.6606221e-01  7.66062e-01
5.458538172e+00  6.8079330e-01  6.80793e-01
5.485830863e+00  8.3381250e-01  8.33812e-01
5.513260018e+00  8.5265821e-01  8.52658e-01
5.540826318e+00  7.1025947e-01  7.10259e-01
5.568530449e+00  5.6553197e-01  5.65532e-01
5.596373101e+00  7.0289839e-01  7.02898e-01
5.624354967e+00  6.4175805e-01  6.41758e-01
5.652476742e+00  5.7166050e-01  5.71661e-01
5.680739126e+00  6.0339154e-01  6.03392e-01
5.709142821e+00  5.6270908e-01  5.62709e-01
5.737688535e+00  5.4006294e-01  5.40063e-01
5.766376978e+00  5.3038774e-01  5.30388e-01
5.795208863e+00  6.9845831e-01  6.98458e-01
5.824184907e+00  5.0947311e-01  5.09473e-01
5.853305832e+00  5.6176191e-01  5.61762e-01
5.882572361e+00  5.1444478e-01  5.14445e-01
5.911985223e+00  5.7471359e-01  5.74714e-01
5.941545149e+00  5.6511292e-01  5.65113e-01
5.971252874e+00  6.0161584e-01  6.01616e-01
6.001109139e+00  6.0438486e-01  6.04385e-01
6.031114685e+00  6.5774731e-01  6.57747e-01
6.061270258e+00  5.8293983e-01  5.82940e-01
6.091576609e+00  6.0275032e-01  6.02750e-01
6.122034492e+00  6.3758664e-01  6.37587e-01
6.152644665e+00  6.3538079e-01  6.35381e-01
6.183407888e+00  6.6031115e-01  6.60311e-01
6.214324928e+00  6.9866278e-01  6.98663e-01
6.245396552e+00  7.2008039e-01  7.20080e-01
6.276623535e+00  8.5109853e-01  8.51099e-01
6.308006653e+00  9.0170359e-01  9.01704e-01
6.339546686e+00  7.8401024e-01  7.84010e-01
6.371244419e+00  7.8170995e-01  7.81710e-01
6.403100641e+00  7.8457956e-01  7.84580e-01
6.435116145e+00  8.0849428e-01  8.08494e-01
6.467291725e+00  8.9662667e-01  8.96627e-01
6.499628184e+00  9.3472625e-01  9.34726e-01
6.532126325e+00  8.4090768e-01  8.40908e-01
6.564786956e+00  8.4092470e-01  8.40925e-01
6.597610891e+00  9.4997104e-01  9.49971e-01
6.630598946e+00  8.9670460e-01  8.96705e-01
6.663751940e+00  9.3837856e-01  9.38379e-01
6.697070700e+00  9.6364188e-01  9.63642e-01
6.730556054e+00  9.7326698e-01  9.73267e-01
6.764208834e+00  9.9335402e-01  9.93354e-01
6.798029878e+00  1.0098739e+00  1.00987e+00
6.832020027e+00  1.0451317e+00  1.04513e+00
6.866180128e+00  1.0546744e+00  1.05467e+00
6.900511028e+00  1.0650056e+00  1.06501e+00
6.935013583e+00  1.1152414e+00  1.11524e+00
6.969688651e+00  1.1330835e+00  1.13308e+00
7.004537095e+00  1.1548205e+00  1.15482e+00
7.039559780e+00  1.1690756e+00  1.16908e+00
7.074757579e+00  1.2131691e+00  1.21317e+00
7.110131367e+00  1.2501688e+00  1.25017e+00
7.145682024e+00  1.2763669e+00  1.27637e+00
7.181410434e+00  1.3041494e+00  1.30415e+00
7.217317486e+00  1.3605070e+00  1.36051e+00
7.253404073e+00  1.4427526e+00  1.44275e+00
7.289671094e+00  1.4892180e+00  1.48922e+00
7.326119449e+00  1.5473544e+00  1.54735e+00
7.362750046e+00  1.5810395e+00  1.58104e+00
7.399563797e+00  1.5978537e+00  1.59785e+00
7.436561616e+00  1.6074046e+00  1.60740e+00
7.473744424e+00  1.6466588e+00  1.64666e+00
7.511113146e+00  1.6781681e+00  1.67817e+00
7.548668712e+00  1.7081344e+00  1.70813e+00
7.586412055e+00  1.7249888e+00  1.72499e+00
7.624344115e+00  1.7454233e+00  1.74542e+00
7.662465836e+00  1.6642328e+00  1.66423e+00
7.700778165e+00  1.7595875e+00  1.75959e+00
7.739282056e+00  1.8214061e+00  1.82141e+00
7.777978466e+00  1.8589807e+00  1.85898e+00
7.816868359e+00  1.8864009e+00  1.88640e+00
7.855952700e+00  1.9149573e+00  1.91496e+00
7.895232464e+00  1.9501712e+00  1.95017e+00
7.934708626e+00  1.9654477e+00  1.96545e+00
7.974382169e+00  1.9750334e+00  1.97503e+00
8.014254080e+00  1.9982625e+00  1.99826e+00
8.054325351e+00  2.0127471e+00  2.01275e+00
8.094596977e+00  2.0204569e+00  2.02046e+00
8.135069962e+00  2.0118516e+00  2.01185e+00
8.175745312e+00  2.0445706e+00  2.04457e+00
8.216624039e+00  2.0274802e+00  2.02748e+00
8.257707159e+00  2.0206442e+00  2.02064e+00
8.298995695e+00  1.9717714e+00  1.97177e+00
8.340490673e+00  1.9983159e+00  1.99832e+00
8.382193126e+00  1.9986568e+00  1.99866e+00
8.424104092e+00  1.9555491e+00  1.95555e+00
8.466224613e+00  1.9915725e+00  1.99157e+00
8.508555736e+00  1.9963763e+00  1.99638e+00
8.551098514e+00  2.0334039e+00  2.03340e+00
8.593854007e+00  2.0277247e+00  2.02772e+00
8.636823277e+00  2.0637752e+00  2.06378e+00
8.680007393e+00  2.0914030e+00  2.09140e+00
8.723407430e+00  2.1487421e+00  2.14874e+00
8.767024467e+00  2.2198504e+00  2.21985e+00
8.810859590e+00  2.4653630e+00  2.46536e+00
8.854913888e+00  2.5823991e+00  2.58240e+00
8.899188457e+00  2.5451438e+00  2.54514e+00
8.943684399e+00  2.7287245e+00  2.72872e+00
8.988402821e+00  3.2911249e+00  3.29112e+00
9.033344836e+00  2.9265117e+00  2.92651e+00
9.078511560e+00  3.8256672e+00  3.82567e+00
9.123904118e+00  3.4217769e+00  3.42178e+00
9.169523638e+00  3.2836554e+00  3.28366e+00
9.215371256e+00  4.0114105e+00  4.01141e+00
9.261448113e+00  4.1031599e+00  4.10316e+00
9.307755353e+00  3.9559234e+00  3.95592e+00
9.354294130e+00  4.4636359e+00  4.46364e+00
9.401065601e+00  5.2694433e+00  5.26944e+00
9.448070929e+00  4.5732990e+00  4.57330e+00
9.495311283e+00  4.8889763e+00  4.88898e+00
9.542787840e+00  5.5809445e+00  5.58094e+00
9.590501779e+00  5.4410774e+00  5.44108e+00
9.638454288e+00  6.0260141e+00  6.02601e+00
9.686646559e+00  6.3741518e+00  6.37415e+00
9.735079792e+00  6.7188824e+00  6.71888e+00
9.783755191e+00  6.7732703e+00  6.77327e+00
9.832673967e+00  7.1258777e+00  7.12588e+00
9.881837337e+00  7.0592151e+00  7.05922e+00
9.931246523e+00  7.1988357e+00  7.19884e+00
9.980902756e+00  7.2438986e+00  7.24390e+00
1.003080727e+01  7.2771163e+00  7.27712e+00
1.008096131e+01  7.2286434e+00  7.22864e+00
1.013136611e+01  6.8739255e+00  6.87393e+00
1.018202294e+01  6.5514206e+00  6.55142e+00
1.023293306e+01  6.0790076e+00  6.07901e+00
1.028409772e+01  5.9873092e+00  5.98731e+00
1.033551821e+01  6.2443421e+00  6.24434e+00
1.038719580e+01  6.8734701e+00  6.87347e+00
1.043913178e+01  6.5315637e+00  6.53156e+00
1.049132744e+01  6.4547446e+00  6.45474e+00
1.054378408e+01  6.3747198e+00  6.37472e+00
1.059650300e+01  6.4236258e+00  6.42363e+00
1.064948551e+01  6.5657425e+00  6.56574e+00
1.070273294e+01  6.7603907e+00  6.76039e+00
1.075624661e+01  6.9786683e+00  6.97867e+00
1.081002784e+01  7.0985634e+00  7.09856e+00
1.086407798e+01  7.1992319e+00  7.19923e+00
1.091839837e+01  7.2747516e+00  7.27475e+00
1.097299036e+01  7.2970656e+00  7.29707e+00
1.102785531e+01  7.2636401e+00  7.26364e+00
1.108299459e+01  7.2985980e+00  7.29860e+00
1.113840956e+01  7.2881284e+00  7.28813e+00
1.119410161e+01  7.2926144e+00  7.29261e+00
1.125007212e+01  7.2670281e+00  7.26703e+00
1.130632248e+01  7.2553872e+00  7.25539e+00
1.136285409e+01  7.2475886e+00  7.24759e+00
1.141966836e+01  7.2297433e+00  7.22974e+00
1.147676670e+01  7.1747961e+00  7.17480e+00
1.153415054e+01  7.1859730e+00  7.18597e+00
1.159182129e+01  7.1747347e+00  7.17473e+00
1.164978039e+01  7.1771384e+00  7.17714e+00
1.170802930e+01  7.0493937e+00  7.04939e+00
1.176656944e+01  7.0452013e+00  7.04520e+00
1.182540229e+01  7.1216675e+00  7.12167e+00
1.188452930e+01  7.0324602e+00  7.03246e+00
1.194395195e+01  7.0841091e+00  7.08411e+00
1.200367171e+01  7.0501597e+00  7.05016e+00
1.206369007e+01  6.6754786e+00  6.67548e+00
1.212400852e+01  6.8540529e+00  6.85405e+00
1.218462856e+01  6.7182420e+00  6.71824e+00
1.224555170e+01  6.5183976e+00  6.51840e+00
1.230677946e+01  6.3264963e+00  6.32650e+00
1.236831336e+01  6.1324834e+00  6.13248e+00
1.243015492e+01  5.9870399e+00  5.98704e+00
1.249230570e+01  5.9069965e+00  5.90700e+00
1.255476723e+01  5.7318178e+00  5.73182e+00
1.261754106e+01  4.0600913e+00  4.06009e+00
1.268062877e+01  6.1123114e+00  6.11231e+00
1.274403191e+01  5.7283738e+00  5.72837e+00
1.280775207e+01  5.4234271e+00  5.42343e+00
1.287179083e+01  5.1789881e+00  5.17899e+00
1.293614979e+01  4.7661985e+00  4.76620e+00
1.300083054e+01  4.3058054e+00  4.30581e+00
1.306583469e+01  4.2992321e+00  4.29923e+00
1.313116386e+01  3.8445292e+00  3.84453e+00
1.319681968e+01  3.3099339e+00  3.30993e+00
1.326280378e+01  3.0465754e+00  3.04658e+00
1.332911780e+01  2.9067928e+00  2.90679e+00
1.339576339e+01  2.8350277e+00  2.83503e+00
1.346274221e+01  2.8557492e+00  2.85575e+00
1.353005592e+01  2.9048035e+00  2.90480e+00
1.359770620e+01  2.8663406e+00  2.86634e+00
1.366569473e+01  2.8614266e+00  2.86143e+00
1.373402320e+01  2.8345727e+00  2.83457e+00
1.380269332e+01  2.8309446e+00  2.83094e+00
1.387170678e+01  3.0353280e+00  3.03533e+00
1.394106532e+01  2.9181749e+00  2.91817e+00
1.401077064e+01  2.9287025e+00  2.92870e+00
1.408082450e+01  2.9630186e+00  2.96302e+00
1.415122862e+01  2.9867869e+00  2.98679e+00
1.422198476e+01  3.0158713e+00  3.01587e+00
1.429309469e+01  3.0097337e+00  3.00973e+00
1.436456016e+01  3.0189680e+00  3.01897e+00
1.443638296e+01  3.0181102e+00  3.01811e+00
1.450856487e+01  3.0039916e+00  3.00399e+00
1.458110770e+01  3.0001555e+00  3.00016e+00
1.465401324e+01  2.9870028e+00  2.98700e+00
1.472728330e+01  2.9758642e+00  2.97586e+00
1.480091972e+01  2.9655159e+00  2.96552e+00
1.487492432e+01  2.9446265e+00  2.94463e+00
1.494929894e+01  2.7282561e+00  2.72826e+00
1.502404544e+01  2.8916671e+00  2.89167e+00
1.509916566e+01  2.8575554e+00  2.85756e+00
1.517466149e+01  2.8905552e+00  2.89056e+00
1.525053480e+01  2.8760990e+00  2.87610e+00
1.532678747e+01  2.8658873e+00  2.86589e+00
1.540342141e+01  2.8061984e+00  2.80620e+00
1.548043852e+01  2.8207331e+00  2.82073e+00
1.555784071e+01  2.8079446e+00  2.80794e+00
1.563562991e+01  2.7842598e+00  2.78426e+00
1.571380806e+01  2.7693938e+00  2.76939e+00
1.579237710e+01  2.7410472e+00  2.74105e+00
1.587133899e+01  2.7138345e+00  2.71383e+00
1.595069568e+01  2.6602619e+00  2.66026e+00
1.603044916e+01  2.6234390e+00  2.62344e+00
1.611060141e+01  2.5328786e+00  2.53288e+00
1.619115441e+01  2.6473816e+00  2.64738e+00
1.627211019e+01  2.5398723e+00  2.53987e+00
1.635347074e+01  2.4779852e+00  2.47799e+00
1.643523809e+01  2.4870011e+00  2.48700e+00
1.651741428e+01  2.4370587e+00  2.43706e+00
1.660000135e+01  2.4107600e+00  2.41076e+00
1.668300136e+01  2.3936747e+00  2.39367e+00
1.676641637e+01  2.4267373e+00  2.42674e+00
1.685024845e+01  2.3588097e+00  2.35881e+00
1.693449969e+01  2.3472612e+00  2.34726e+00
1.701917219e+01  2.3599581e+00  2.35996e+00
1.710426805e+01  2.3970247e+00  2.39702e+00
1.718978939e+01  2.4875750e+00  2.48758e+00
1.727573834e+01  2.6376256e+00  2.63763e+00
1.736211703e+01  2.6655466e+00  2.66555e+00
1.744892761e+01  2.9300157e+00  2.93002e+00
1.753617225e+01  2.9779343e+00  2.97793e+00
1.762385311e+01  2.9197916e+00  2.91979e+00
1.771197238e+01  3.1342920e+00  3.13429e+00
1.780053224e+01  3.2735856e+00  3.27359e+00
1.788953490e+01  3.3498835e+00  3.34988e+00
1.797898258e+01  3.3408241e+00  3.34082e+00
1.806887749e+01  3.3247463e+00  3.32475e+00
1.815922188e+01  3.1273807e+00  3.12738e+00
1.825001799e+01  2.9945395e+00  2.99454e+00
1.834126808e+01  2.4432330e+00  2.44323e+00
1.843297442e+01  3.2583857e+00  3.25839e+00
1.852513929e+01  3.2864456e+00  3.28645e+00
1.861776499e+01  3.0823219e+00  3.08232e+00
1.871085381e+01  3.1383316e+00  3.13833e+00
1.880440808e+01  3.1809438e+00  3.18094e+00
1.889843012e+01  3.0765787e+00  3.07658e+00
1.899292227e+01  2.6351076e+00  2.63511e+00
1.908788688e+01  2.9548580e+00  2.95486e+00
1.918332632e+01  2.9131944e+00  2.91319e+00
1.927924295e+01  2.4680621e+00  2.46806e+00
1.937563916e+01  2.5836501e+00  2.58365e+00
1.947251736e+01  2.9361842e+00  2.93618e+00
1.956987994e+01  2.7446836e+00  2.74468e+00
1.966772934e+01  2.6500648e+00  2.65006e+00
1.976606799e+01  2.5030781e+00  2.50308e+00
1.986489833e+01  2.4649726e+00  2.46497e+00
1.996422282e+01  2.5227137e+00  2.52271e+00
