# WARNING | PUMAS | The aerosols require higher scattering requirements, of NMAX:1 and LMAX:3, for the selected aerosols having a max g of 0.01.
# ------------------------------------------------------------------------
# Radiance spectrum
# NASA-GSFC Planetary Spectrum Generator (PSG) (Villanueva et al. 2018, 2022)
# Synthesized on Thu Nov 30 22:55:00 2023
# Doppler velocities [km/s] (vobs,vrot+vorb,vwidth,vrfl,vstr): 0.00000,-0.00000,0.00000,0.00000,0.00000
# ------------------------------------------------------------------------
# Spectra synthesized with the Planetary and Universal Model of Atmospheric Scattering (PUMAS, Villanueva et al. 2018, 2022)
# Single scattering radiative transfer method
# ------------------------------------------------------------------------
# Spectral unit: Wavelength [um]
# Radiance unit: Spectral radiance [W/sr/m2/um]
# Wave/freq Total Mars
4.500000000e-01  2.5750056e+01  2.57501e+01
4.532142857e-01  2.6039651e+01  2.60397e+01
4.564515306e-01  2.6049190e+01  2.60492e+01
4.597118987e-01  2.5619583e+01  2.56196e+01
4.629955551e-01  2.5509968e+01  2.55100e+01
4.663026662e-01  2.6354848e+01  2.63548e+01
4.696333995e-01  2.6561792e+01  2.65618e+01
4.729879238e-01  2.6029834e+01  2.60298e+01
4.763664090e-01  2.5974701e+01  2.59747e+01
4.797690262e-01  2.5785915e+01  2.57859e+01
4.831959478e-01  2.6602184e+01  2.66022e+01
4.866473474e-01  2.6613935e+01  2.66139e+01
4.901233999e-01  2.5799881e+01  2.57999e+01
4.936242814e-01  2.6126172e+01  2.61262e+01
4.971501691e-01  2.6313116e+01  2.63131e+01
5.007012417e-01  2.6988441e+01  2.69884e+01
5.042776792e-01  2.5217951e+01  2.52180e+01
5.078796626e-01  2.5750912e+01  2.57509e+01
5.115073745e-01  2.5449233e+01  2.54492e+01
5.151609986e-01  2.6480829e+01  2.64808e+01
5.188407200e-01  2.6130774e+01  2.61308e+01
5.225467251e-01  2.6095025e+01  2.60950e+01
5.262792017e-01  2.4635711e+01  2.46357e+01
5.300383389e-01  2.4768153e+01  2.47682e+01
5.338243270e-01  2.4844497e+01  2.48445e+01
5.376373579e-01  2.5349147e+01  2.53491e+01
5.414776248e-01  2.4754699e+01  2.47547e+01
5.453453221e-01  2.4137313e+01  2.41373e+01
5.492406458e-01  2.3996687e+01  2.39967e+01
5.531637933e-01  2.4223869e+01  2.42239e+01
5.571149632e-01  2.4448995e+01  2.44490e+01
5.610943558e-01  2.3795579e+01  2.37956e+01
5.651021727e-01  2.2597200e+01  2.25972e+01
5.691386168e-01  2.2427586e+01  2.24276e+01
5.732038926e-01  2.2203297e+01  2.22033e+01
5.772982061e-01  2.2951657e+01  2.29517e+01
5.814217647e-01  2.3201790e+01  2.32018e+01
5.855747773e-01  2.3241891e+01  2.32419e+01
5.897574543e-01  2.3050247e+01  2.30502e+01
5.939700076e-01  2.2593663e+01  2.25937e+01
5.982126505e-01  2.2328749e+01  2.23287e+01
6.024855980e-01  2.2101710e+01  2.21017e+01
6.067890665e-01  2.2779021e+01  2.27790e+01
6.111232741e-01  2.3104092e+01  2.31041e+01
6.154884404e-01  2.3689701e+01  2.36897e+01
6.198847864e-01  2.4408933e+01  2.44089e+01
6.243125349e-01  2.5022295e+01  2.50223e+01
6.287719101e-01  2.5734976e+01  2.57350e+01
6.332631380e-01  2.6289608e+01  2.62896e+01
6.377864462e-01  2.6881913e+01  2.68819e+01
6.423420636e-01  2.7399838e+01  2.73998e+01
6.469302212e-01  2.7759188e+01  2.77592e+01
6.515511514e-01  2.8550241e+01  2.85502e+01
6.562050882e-01  2.9208425e+01  2.92084e+01
6.608922674e-01  2.9906606e+01  2.99066e+01
6.656129264e-01  3.0381670e+01  3.03817e+01
6.703673045e-01  3.0764274e+01  3.07643e+01
6.751556424e-01  3.1214850e+01  3.12148e+01
6.799781827e-01  3.1790319e+01  3.17903e+01
6.848351697e-01  3.2102740e+01  3.21027e+01
6.897268495e-01  3.2422250e+01  3.24222e+01
6.946534698e-01  3.2357944e+01  3.23579e+01
6.996152803e-01  3.2865185e+01  3.28652e+01
7.046125323e-01  3.3113385e+01  3.31134e+01
7.096454790e-01  3.3328629e+01  3.33286e+01
7.147143753e-01  3.3139716e+01  3.31397e+01
7.198194780e-01  3.1270503e+01  3.12705e+01
7.249610457e-01  3.1646135e+01  3.16461e+01
7.301393388e-01  3.2378203e+01  3.23782e+01
7.353546198e-01  3.3581699e+01  3.35817e+01
7.406071528e-01  3.3793735e+01  3.37937e+01
7.458972039e-01  3.3595382e+01  3.35954e+01
7.512250411e-01  3.3658539e+01  3.36585e+01
7.565909342e-01  3.3794107e+01  3.37941e+01
7.619951552e-01  3.1382764e+01  3.13828e+01
7.674379777e-01  3.3492465e+01  3.34925e+01
7.729196776e-01  3.3425767e+01  3.34258e+01
7.784405324e-01  3.3019294e+01  3.30193e+01
7.840008219e-01  3.2623153e+01  3.26232e+01
7.896008278e-01  3.2395856e+01  3.23959e+01
7.952408337e-01  3.2538328e+01  3.25383e+01
8.009211254e-01  3.2290011e+01  3.22900e+01
8.066419906e-01  3.2228061e+01  3.22281e+01
8.124037191e-01  3.0788035e+01  3.07880e+01
8.182066028e-01  2.8359674e+01  2.83597e+01
8.240509357e-01  2.9345622e+01  2.93456e+01
8.299370138e-01  2.9589465e+01  2.95895e+01
8.358651353e-01  3.0811914e+01  3.08119e+01
8.418356005e-01  3.0899881e+01  3.08999e+01
8.478487120e-01  3.0644349e+01  3.06443e+01
8.539047742e-01  3.0202787e+01  3.02028e+01
8.600040940e-01  3.0081303e+01  3.00813e+01
8.661469804e-01  2.9708953e+01  2.97090e+01
8.723337446e-01  2.9068623e+01  2.90686e+01
8.785646999e-01  2.9382720e+01  2.93827e+01
8.848401620e-01  2.8963131e+01  2.89631e+01
8.911604489e-01  2.8398328e+01  2.83983e+01
8.975258807e-01  2.4217127e+01  2.42171e+01
9.039367798e-01  2.5506014e+01  2.55060e+01
9.103934711e-01  2.3789106e+01  2.37891e+01
9.168962816e-01  2.4169064e+01  2.41691e+01
9.234455408e-01  2.5003877e+01  2.50039e+01
9.300415803e-01  1.8927167e+01  1.89272e+01
9.366847345e-01  1.4186253e+01  1.41863e+01
9.433753397e-01  1.5533890e+01  1.55339e+01
9.501137350e-01  1.5616170e+01  1.56162e+01
9.569002617e-01  1.7903578e+01  1.79036e+01
9.637352636e-01  1.9531720e+01  1.95317e+01
9.706190869e-01  2.2705298e+01  2.27053e+01
