# WARNING | PUMAS | The aerosols require higher scattering requirements, of NMAX:1 and LMAX:3, for the selected aerosols having a max g of 0.02.
# ------------------------------------------------------------------------
# Radiance spectrum
# NASA-GSFC Planetary Spectrum Generator (PSG) (Villanueva et al. 2018, 2022)
# Synthesized on Thu Nov 30 22:52:00 2023
# Doppler velocities [km/s] (vobs,vrot+vorb,vwidth,vrfl,vstr): 0.00000,-0.00000,0.01000,0.00000,0.00000
# ------------------------------------------------------------------------
# Spectra synthesized with the Planetary and Universal Model of Atmospheric Scattering (PUMAS, Villanueva et al. 2018, 2022)
# Single scattering radiative transfer method
# ------------------------------------------------------------------------
# Spectral unit: Wavelength [um]
# Radiance unit: Spectral radiance [W/sr/m2/um]
# Wave/freq Total Mars
4.000000000e-01  4.7473250e+01  4.74733e+01
4.020000000e-01  4.7931310e+01  4.79313e+01
4.040100000e-01  4.8377850e+01  4.83779e+01
4.060300500e-01  4.8814811e+01  4.88148e+01
4.080602003e-01  4.9243698e+01  4.92437e+01
4.101005013e-01  4.9664440e+01  4.96644e+01
4.121510038e-01  5.0080929e+01  5.00809e+01
4.142117588e-01  5.0485356e+01  5.04854e+01
4.162828176e-01  5.0884355e+01  5.08844e+01
4.183642317e-01  5.1275729e+01  5.12757e+01
4.204560528e-01  5.1660540e+01  5.16605e+01
4.225583331e-01  5.2037247e+01  5.20372e+01
4.246711247e-01  5.2403866e+01  5.24039e+01
4.267944804e-01  5.2764526e+01  5.27645e+01
4.289284528e-01  5.3115015e+01  5.31150e+01
4.310730950e-01  5.3456138e+01  5.34561e+01
4.332284605e-01  5.3791520e+01  5.37915e+01
4.353946028e-01  5.4112258e+01  5.41123e+01
4.375715758e-01  5.4432841e+01  5.44328e+01
4.397594337e-01  5.4730486e+01  5.47305e+01
4.419582309e-01  5.4995671e+01  5.49957e+01
4.441680220e-01  5.5266778e+01  5.52668e+01
4.463888621e-01  5.5571778e+01  5.55718e+01
4.486208064e-01  5.5864529e+01  5.58645e+01
4.508639105e-01  5.6136523e+01  5.61365e+01
4.531182300e-01  5.6386360e+01  5.63864e+01
4.553838212e-01  5.6629282e+01  5.66293e+01
4.576607403e-01  5.6864400e+01  5.68644e+01
4.599490440e-01  5.7089223e+01  5.70892e+01
4.622487892e-01  5.7304598e+01  5.73046e+01
4.645600332e-01  5.7510158e+01  5.75102e+01
4.668828333e-01  5.7700508e+01  5.77005e+01
4.692172475e-01  5.7872641e+01  5.78726e+01
4.715633337e-01  5.8056529e+01  5.80565e+01
4.739211504e-01  5.8225494e+01  5.82255e+01
4.762907561e-01  5.8397541e+01  5.83975e+01
4.786722099e-01  5.8550495e+01  5.85505e+01
4.810655710e-01  5.8690779e+01  5.86908e+01
4.834708988e-01  5.8820080e+01  5.88201e+01
4.858882533e-01  5.8923877e+01  5.89239e+01
4.883176946e-01  5.9035578e+01  5.90356e+01
4.907592831e-01  5.9150488e+01  5.91505e+01
4.932130795e-01  5.9254019e+01  5.92540e+01
4.956791449e-01  5.9341611e+01  5.93416e+01
4.981575406e-01  5.9419429e+01  5.94194e+01
5.006483283e-01  5.9454083e+01  5.94541e+01
5.031515699e-01  5.9231769e+01  5.92318e+01
5.056673278e-01  5.9316691e+01  5.93167e+01
5.081956644e-01  5.9417068e+01  5.94171e+01
5.107366428e-01  5.9603258e+01  5.96033e+01
5.132903260e-01  5.9687908e+01  5.96879e+01
5.158567776e-01  5.9714993e+01  5.97150e+01
5.184360615e-01  5.9722455e+01  5.97225e+01
5.210282418e-01  5.9721943e+01  5.97219e+01
5.236333830e-01  5.9692113e+01  5.96921e+01
5.262515499e-01  5.9675793e+01  5.96758e+01
5.288828077e-01  5.9653836e+01  5.96538e+01
5.315272217e-01  5.9624489e+01  5.96245e+01
5.341848578e-01  5.9590531e+01  5.95905e+01
5.368557821e-01  5.9536831e+01  5.95368e+01
5.395400610e-01  5.9423235e+01  5.94232e+01
5.422377613e-01  5.9251873e+01  5.92519e+01
5.449489501e-01  5.9196973e+01  5.91970e+01
5.476736949e-01  5.9175410e+01  5.91754e+01
5.504120634e-01  5.9148986e+01  5.91490e+01
5.531641237e-01  5.9080240e+01  5.90802e+01
5.559299443e-01  5.8985510e+01  5.89855e+01
5.587095940e-01  5.8875625e+01  5.88756e+01
5.615031420e-01  5.8754495e+01  5.87545e+01
5.643106577e-01  5.8628766e+01  5.86288e+01
5.671322110e-01  5.8425462e+01  5.84255e+01
5.699678720e-01  5.8069015e+01  5.80690e+01
5.728177114e-01  5.8002876e+01  5.80029e+01
5.756818000e-01  5.7911550e+01  5.79115e+01
5.785602090e-01  5.7853666e+01  5.78537e+01
5.814530100e-01  5.7723196e+01  5.77232e+01
5.843602750e-01  5.7519343e+01  5.75193e+01
5.872820764e-01  5.6834494e+01  5.68345e+01
5.902184868e-01  5.5271337e+01  5.52713e+01
5.931695792e-01  5.5390290e+01  5.53903e+01
5.961354271e-01  5.5675220e+01  5.56752e+01
5.991161043e-01  5.6147519e+01  5.61475e+01
6.021116848e-01  5.6371313e+01  5.63713e+01
6.051222432e-01  5.6238092e+01  5.62381e+01
6.081478544e-01  5.6040416e+01  5.60404e+01
6.111885937e-01  5.5824926e+01  5.58249e+01
6.142445367e-01  5.5602450e+01  5.56024e+01
6.173157594e-01  5.5374226e+01  5.53742e+01
6.204023382e-01  5.5140361e+01  5.51404e+01
6.235043498e-01  5.4898998e+01  5.48990e+01
6.266218716e-01  5.4523999e+01  5.45240e+01
6.297549810e-01  5.4212037e+01  5.42120e+01
6.329037559e-01  5.3990830e+01  5.39908e+01
6.360682746e-01  5.3790428e+01  5.37904e+01
6.392486160e-01  5.3569973e+01  5.35700e+01
6.424448591e-01  5.3289969e+01  5.32900e+01
6.456570834e-01  5.2538608e+01  5.25386e+01
6.488853688e-01  5.1467463e+01  5.14675e+01
6.521297956e-01  5.1670876e+01  5.16709e+01
6.553904446e-01  5.1437759e+01  5.14378e+01
6.586673968e-01  5.1632164e+01  5.16322e+01
6.619607338e-01  5.1645457e+01  5.16455e+01
6.652705375e-01  5.1403644e+01  5.14036e+01
6.685968902e-01  5.1142702e+01  5.11427e+01
6.719398746e-01  5.0858439e+01  5.08584e+01
6.752995740e-01  5.0561983e+01  5.05620e+01
6.786760719e-01  5.0256494e+01  5.02565e+01
6.820694522e-01  4.9928292e+01  4.99283e+01
6.854797995e-01  4.9590403e+01  4.95904e+01
6.889071985e-01  4.9279747e+01  4.92797e+01
6.923517345e-01  4.7532579e+01  4.75326e+01
6.958134932e-01  4.6299338e+01  4.62993e+01
6.992925606e-01  4.6356001e+01  4.63560e+01
7.027890234e-01  4.6305550e+01  4.63055e+01
7.063029686e-01  4.6743464e+01  4.67435e+01
7.098344834e-01  4.6831825e+01  4.68318e+01
7.133836558e-01  4.6500953e+01  4.65010e+01
7.169505741e-01  4.0960787e+01  4.09608e+01
7.205353270e-01  3.9308741e+01  3.93087e+01
7.241380036e-01  3.8864062e+01  3.88641e+01
7.277586936e-01  3.9003788e+01  3.90038e+01
7.313974871e-01  4.0599897e+01  4.05999e+01
7.350544745e-01  4.3382809e+01  4.33828e+01
7.387297469e-01  4.3799201e+01  4.37992e+01
7.424233956e-01  4.4261320e+01  4.42613e+01
7.461355126e-01  4.4113890e+01  4.41139e+01
7.498661902e-01  4.3813369e+01  4.38134e+01
7.536155211e-01  4.3490413e+01  4.34904e+01
7.573835987e-01  4.3155809e+01  4.31558e+01
7.611705167e-01  4.2820935e+01  4.28209e+01
7.649763693e-01  4.2486373e+01  4.24864e+01
7.688012511e-01  4.2148550e+01  4.21486e+01
7.726452574e-01  4.1807957e+01  4.18080e+01
7.765084837e-01  4.1466835e+01  4.14668e+01
7.803910261e-01  4.1115850e+01  4.11159e+01
7.842929812e-01  4.0660599e+01  4.06606e+01
7.882144461e-01  3.9461669e+01  3.94617e+01
7.921555184e-01  3.9123161e+01  3.91232e+01
7.961162960e-01  3.8673094e+01  3.86731e+01
8.000968774e-01  3.8101174e+01  3.81012e+01
8.040973618e-01  3.8176757e+01  3.81768e+01
8.081178486e-01  3.8054822e+01  3.80548e+01
8.121584379e-01  3.5199579e+01  3.51996e+01
8.162192301e-01  3.0169636e+01  3.01696e+01
8.203003262e-01  3.3248092e+01  3.32481e+01
8.244018279e-01  3.2539717e+01  3.25397e+01
8.285238370e-01  3.2173684e+01  3.21737e+01
8.326664562e-01  3.3481898e+01  3.34819e+01
8.368297885e-01  3.5032147e+01  3.50321e+01
8.410139374e-01  3.5326097e+01  3.53261e+01
8.452190071e-01  3.5442555e+01  3.54426e+01
8.494451021e-01  3.5139446e+01  3.51394e+01
8.536923276e-01  3.4837254e+01  3.48373e+01
8.579607893e-01  3.4626940e+01  3.46269e+01
8.622505932e-01  3.4356199e+01  3.43562e+01
8.665618462e-01  3.4013058e+01  3.40131e+01
8.708946554e-01  3.3606698e+01  3.36067e+01
8.752491287e-01  3.3361133e+01  3.33611e+01
8.796253743e-01  3.2990388e+01  3.29904e+01
8.840235012e-01  3.2608902e+01  3.26089e+01
8.884436187e-01  3.2163575e+01  3.21636e+01
8.928858368e-01  3.0665664e+01  3.06657e+01
8.973502660e-01  2.3944964e+01  2.39450e+01
9.018370173e-01  2.4843560e+01  2.48436e+01
9.063462024e-01  2.4953282e+01  2.49533e+01
9.108779334e-01  2.3639972e+01  2.36400e+01
9.154323231e-01  2.3838458e+01  2.38385e+01
9.200094847e-01  2.5649475e+01  2.56495e+01
9.246095321e-01  2.5727322e+01  2.57273e+01
9.292325798e-01  1.8891797e+01  1.88918e+01
9.338787427e-01  8.5295179e+00  8.52952e+00
9.385481364e-01  1.2187287e+01  1.21873e+01
9.432408771e-01  1.2594451e+01  1.25945e+01
9.479570815e-01  1.2632898e+01  1.26329e+01
9.526968669e-01  1.3465313e+01  1.34653e+01
9.574603512e-01  1.5593293e+01  1.55933e+01
9.622476530e-01  1.7088561e+01  1.70886e+01
9.670588912e-01  2.0163986e+01  2.01640e+01
9.718941857e-01  2.2224528e+01  2.22245e+01
9.767536566e-01  2.1700722e+01  2.17007e+01
9.816374249e-01  2.3285142e+01  2.32851e+01
9.865456120e-01  2.4992464e+01  2.49925e+01
9.914783401e-01  2.5204198e+01  2.52042e+01
9.964357318e-01  2.5209316e+01  2.52093e+01
1.001417910e+00  2.4805450e+01  2.48055e+01
1.006425000e+00  2.4572568e+01  2.45726e+01
1.011457125e+00  2.4288437e+01  2.42884e+01
1.016514411e+00  2.4093179e+01  2.40932e+01
1.021596983e+00  2.3775480e+01  2.37755e+01
1.026704968e+00  2.3570045e+01  2.35700e+01
1.031838492e+00  2.3346362e+01  2.33464e+01
1.036997685e+00  2.2739584e+01  2.27396e+01
1.042182673e+00  2.2702369e+01  2.27024e+01
1.047393587e+00  2.2381257e+01  2.23813e+01
1.052630555e+00  2.1549693e+01  2.15497e+01
1.057893707e+00  2.1980118e+01  2.19801e+01
1.063183176e+00  2.1603474e+01  2.16035e+01
1.068499092e+00  2.1339397e+01  2.13394e+01
1.073841587e+00  2.1053569e+01  2.10536e+01
1.079210795e+00  2.0504081e+01  2.05041e+01
1.084606849e+00  1.9847992e+01  1.98480e+01
1.090029883e+00  1.9540227e+01  1.95402e+01
1.095480033e+00  1.8407353e+01  1.84074e+01
1.100957433e+00  1.6547318e+01  1.65473e+01
1.106462220e+00  1.5357405e+01  1.53574e+01
1.111994531e+00  1.2369747e+01  1.23697e+01
1.117554504e+00  6.3054738e+00  6.30547e+00
1.123142276e+00  5.1717550e+00  5.17176e+00
1.128757988e+00  4.4630307e+00  4.46303e+00
1.134401778e+00  3.7992609e+00  3.79926e+00
1.140073787e+00  8.8601985e+00  8.86020e+00
1.145774156e+00  4.6007838e+00  4.60078e+00
1.151503026e+00  7.4400073e+00  7.44001e+00
1.157260541e+00  1.0594146e+01  1.05941e+01
1.163046844e+00  1.3071192e+01  1.30712e+01
1.168862078e+00  1.4413465e+01  1.44135e+01
1.174706389e+00  1.3713153e+01  1.37132e+01
1.180579921e+00  1.3627935e+01  1.36279e+01
1.186482820e+00  1.4095140e+01  1.40951e+01
1.192415234e+00  1.4561686e+01  1.45617e+01
1.198377311e+00  1.3846821e+01  1.38468e+01
1.204369197e+00  1.0850228e+01  1.08502e+01
1.210391043e+00  1.2339975e+01  1.23400e+01
1.216442998e+00  1.3035942e+01  1.30359e+01
1.222525213e+00  1.1801476e+01  1.18015e+01
1.228637839e+00  1.3880574e+01  1.38806e+01
1.234781029e+00  1.4356995e+01  1.43570e+01
1.240954934e+00  1.4552935e+01  1.45529e+01
1.247159708e+00  1.4463926e+01  1.44639e+01
1.253395507e+00  1.4220622e+01  1.42206e+01
1.259662485e+00  1.4033402e+01  1.40334e+01
1.265960797e+00  1.3827261e+01  1.38273e+01
1.272290601e+00  1.3673396e+01  1.36734e+01
1.278652054e+00  1.3408998e+01  1.34090e+01
1.285045314e+00  1.3199453e+01  1.31995e+01
1.291470541e+00  1.2332549e+01  1.23325e+01
1.297927893e+00  1.2000153e+01  1.20002e+01
1.304417533e+00  1.1191673e+01  1.11917e+01
1.310939621e+00  1.0275305e+01  1.02753e+01
1.317494319e+00  9.1324753e+00  9.13248e+00
1.324081790e+00  8.7272697e+00  8.72727e+00
1.330702199e+00  6.1000976e+00  6.10010e+00
1.337355710e+00  6.2181961e+00  6.21820e+00
1.344042489e+00  3.8545904e+00  3.85459e+00
1.350762701e+00  6.4230557e-01  6.42306e-01
1.357516515e+00  2.7616670e-02  2.76167e-02
1.364304097e+00  1.2840677e-02  1.28407e-02
1.371125618e+00  1.5499756e-02  1.54998e-02
1.377981246e+00  2.6571870e-02  2.65719e-02
1.384871152e+00  1.9796586e-02  1.97966e-02
1.391795508e+00  3.3853171e-02  3.38532e-02
1.398754485e+00  4.5042688e-02  4.50427e-02
1.405748258e+00  8.6093664e-02  8.60937e-02
1.412776999e+00  3.2147651e-01  3.21477e-01
1.419840884e+00  5.4440519e-01  5.44405e-01
1.426940089e+00  1.0491647e+00  1.04916e+00
1.434074789e+00  5.2855372e-01  5.28554e-01
1.441245163e+00  7.6102033e-01  7.61020e-01
1.448451389e+00  1.8306788e+00  1.83068e+00
1.455693646e+00  3.4240516e+00  3.42405e+00
1.462972114e+00  3.2436902e+00  3.24369e+00
1.470286975e+00  1.8125080e+00  1.81251e+00
1.477638409e+00  2.9118547e+00  2.91185e+00
1.485026601e+00  3.5886036e+00  3.58860e+00
1.492451734e+00  5.3724414e+00  5.37244e+00
1.499913993e+00  6.7575685e+00  6.75757e+00
1.507413563e+00  6.8288591e+00  6.82886e+00
1.514950631e+00  7.4170805e+00  7.41708e+00
1.522525384e+00  7.6486590e+00  7.64866e+00
1.530138011e+00  6.3891651e+00  6.38917e+00
1.537788701e+00  5.7945064e+00  5.79451e+00
1.545477645e+00  7.0885401e+00  7.08854e+00
1.553205033e+00  7.6779164e+00  7.67792e+00
1.560971058e+00  7.5273529e+00  7.52735e+00
1.568775913e+00  3.3659253e+00  3.36593e+00
1.576619793e+00  1.8889997e+00  1.88900e+00
1.584502892e+00  5.1150630e+00  5.11506e+00
1.592425406e+00  6.8397485e+00  6.83975e+00
1.600387533e+00  2.1648899e+00  2.16489e+00
1.608389471e+00  1.9089723e+00  1.90897e+00
1.616431418e+00  4.3682921e+00  4.36829e+00
1.624513575e+00  6.2356827e+00  6.23568e+00
1.632636143e+00  6.1573246e+00  6.15732e+00
1.640799324e+00  4.7157726e+00  4.71577e+00
1.649003321e+00  4.9225112e+00  4.92251e+00
1.657248337e+00  5.8413551e+00  5.84136e+00
1.665534579e+00  5.9328967e+00  5.93290e+00
1.673862252e+00  6.0273284e+00  6.02733e+00
1.682231563e+00  5.9860471e+00  5.98605e+00
1.690642721e+00  5.8819983e+00  5.88200e+00
1.699095934e+00  5.7329402e+00  5.73294e+00
1.707591414e+00  5.5319378e+00  5.53194e+00
1.716129371e+00  5.4523438e+00  5.45234e+00
1.724710018e+00  5.2744638e+00  5.27446e+00
1.733333568e+00  5.0574031e+00  5.05740e+00
1.742000236e+00  4.8968240e+00  4.89682e+00
1.750710237e+00  4.6217662e+00  4.62177e+00
1.759463788e+00  4.3468620e+00  4.34686e+00
1.768261107e+00  4.1209502e+00  4.12095e+00
1.777102413e+00  3.2590615e+00  3.25906e+00
1.785987925e+00  2.8269045e+00  2.82690e+00
1.794917864e+00  2.0515031e+00  2.05150e+00
1.803892454e+00  7.5999641e-01  7.59996e-01
1.812911916e+00  2.6619973e-01  2.66200e-01
1.821976476e+00  1.3433544e-01  1.34335e-01
1.831086358e+00  5.9191467e-03  5.91915e-03
1.840241790e+00  1.9703580e-03  1.97036e-03
1.849442999e+00  2.0476523e-03  2.04765e-03
1.858690214e+00  1.7994134e-03  1.79941e-03
1.867983665e+00  2.0532089e-03  2.05321e-03
1.877323583e+00  3.3727537e-03  3.37275e-03
1.886710201e+00  9.1969377e-03  9.19694e-03
1.896143752e+00  8.0488669e-03  8.04887e-03
1.905624471e+00  2.5275492e-03  2.52755e-03
1.915152593e+00  1.1126393e-02  1.11264e-02
1.924728356e+00  5.3558199e-02  5.35582e-02
1.934351998e+00  1.4384359e-01  1.43844e-01
1.944023758e+00  2.2599194e-01  2.25992e-01
1.953743877e+00  1.4617779e-02  1.46178e-02
1.963512596e+00  8.5498208e-04  8.54982e-04
1.973330159e+00  2.2303700e-01  2.23037e-01
1.983196810e+00  1.5422950e+00  1.54229e+00
1.993112794e+00  9.1523125e-01  9.15231e-01
2.003078358e+00  5.3963090e-04  5.39631e-04
2.013093750e+00  1.4182288e-04  1.41823e-04
2.023159218e+00  1.0435508e-02  1.04355e-02
2.033275015e+00  1.8824544e-01  1.88245e-01
2.043441390e+00  1.9540061e-01  1.95401e-01
2.053658597e+00  1.8205371e-02  1.82054e-02
2.063926890e+00  6.9723839e-03  6.97238e-03
2.074246524e+00  7.1224636e-02  7.12246e-02
2.084617757e+00  2.2735394e-01  2.27354e-01
2.095040845e+00  8.3991323e-01  8.39913e-01
2.105516050e+00  1.8121270e+00  1.81213e+00
2.116043630e+00  2.1905989e+00  2.19060e+00
2.126623848e+00  2.6026384e+00  2.60264e+00
2.137256967e+00  2.7080411e+00  2.70804e+00
2.147943252e+00  2.1868684e+00  2.18687e+00
2.158682968e+00  2.2057005e+00  2.20570e+00
2.169476383e+00  2.2906316e+00  2.29063e+00
2.180323765e+00  2.4509785e+00  2.45098e+00
2.191225384e+00  2.4483524e+00  2.44835e+00
2.202181511e+00  2.4221687e+00  2.42217e+00
2.213192418e+00  2.4517426e+00  2.45174e+00
2.224258381e+00  2.4342716e+00  2.43427e+00
2.235379672e+00  2.4200036e+00  2.42000e+00
2.246556571e+00  2.3793015e+00  2.37930e+00
2.257789354e+00  2.3422302e+00  2.34223e+00
2.269078300e+00  2.2955370e+00  2.29554e+00
2.280423692e+00  2.2688904e+00  2.26889e+00
2.291825810e+00  2.1792016e+00  2.17920e+00
2.303284939e+00  2.1812684e+00  2.18127e+00
2.314801364e+00  2.1007513e+00  2.10075e+00
2.326375371e+00  2.0317279e+00  2.03173e+00
2.338007248e+00  1.8991614e+00  1.89916e+00
2.349697284e+00  1.8281434e+00  1.82814e+00
2.361445770e+00  1.8121177e+00  1.81212e+00
2.373252999e+00  1.5859035e+00  1.58590e+00
2.385119264e+00  1.4222838e+00  1.42228e+00
2.397044861e+00  1.4975137e+00  1.49751e+00
2.409030085e+00  1.2149380e+00  1.21494e+00
2.421075235e+00  1.0264944e+00  1.02649e+00
2.433180612e+00  9.3456365e-01  9.34564e-01
2.445346515e+00  8.1088004e-01  8.10880e-01
2.457573247e+00  1.0537566e+00  1.05376e+00
2.469861113e+00  6.5615267e-01  6.56153e-01
2.482210419e+00  2.9257572e-01  2.92576e-01
2.494621471e+00  1.8040187e-01  1.80402e-01
2.507094578e+00  1.4365340e-01  1.43653e-01
2.519630051e+00  3.0076811e-02  3.00768e-02
2.532228202e+00  1.3224808e-03  1.32248e-03
2.544889343e+00  5.2608711e-04  5.26087e-04
2.557613789e+00  4.5089109e-04  4.50891e-04
2.570401858e+00  2.7073156e-04  2.70732e-04
2.583253867e+00  2.1711121e-04  2.17111e-04
2.596170137e+00  1.8974934e-04  1.89749e-04
2.609150988e+00  1.8857150e-04  1.88571e-04
2.622196742e+00  2.3106822e-04  2.31068e-04
2.635307726e+00  4.0954907e-04  4.09549e-04
2.648484265e+00  4.1208573e-04  4.12086e-04
2.661726686e+00  1.7518481e-04  1.75185e-04
2.675035320e+00  1.5133500e-04  1.51335e-04
2.688410496e+00  1.7147648e-04  1.71476e-04
2.701852549e+00  1.8857217e-04  1.88572e-04
2.715361811e+00  1.7940691e-04  1.79407e-04
2.728938620e+00  1.6265520e-04  1.62655e-04
2.742583314e+00  1.9959025e-04  1.99590e-04
2.756296230e+00  2.5700196e-04  2.57002e-04
2.770077711e+00  2.7561161e-04  2.75612e-04
2.783928100e+00  2.9748569e-04  2.97486e-04
2.797847740e+00  2.8629927e-04  2.86299e-04
2.811836979e+00  2.8207470e-04  2.82075e-04
2.825896164e+00  3.1544900e-04  3.15449e-04
2.840025645e+00  3.8591918e-04  3.85919e-04
2.854225773e+00  1.2183812e-03  1.21838e-03
2.868496902e+00  4.2727467e-03  4.27275e-03
2.882839386e+00  2.6936111e-02  2.69361e-02
2.897253583e+00  9.9110128e-02  9.91101e-02
2.911739851e+00  9.1440936e-02  9.14409e-02
2.926298550e+00  1.9778042e-01  1.97780e-01
2.940930043e+00  1.4336274e-01  1.43363e-01
2.955634693e+00  1.8740358e-01  1.87404e-01
2.970412867e+00  8.1884223e-02  8.18842e-02
2.985264931e+00  2.4459150e-01  2.44591e-01
3.000191256e+00  2.5132116e-01  2.51321e-01
3.015192212e+00  1.8923592e-01  1.89236e-01
3.030268173e+00  1.9646468e-01  1.96465e-01
3.045419514e+00  1.1618878e-01  1.16189e-01
3.060646612e+00  1.3178778e-01  1.31788e-01
3.075949845e+00  1.9624510e-01  1.96245e-01
3.091329594e+00  7.3992816e-02  7.39928e-02
3.106786242e+00  7.6355953e-02  7.63560e-02
3.122320173e+00  1.8060339e-01  1.80603e-01
3.137931774e+00  2.6252615e-01  2.62526e-01
3.153621433e+00  2.7901568e-01  2.79016e-01
3.169389540e+00  5.0476908e-01  5.04769e-01
3.185236488e+00  3.2338727e-01  3.23387e-01
3.201162670e+00  6.7902758e-02  6.79028e-02
3.217168483e+00  7.5688121e-02  7.56881e-02
3.233254326e+00  2.1073228e-01  2.10732e-01
3.249420598e+00  2.9764543e-01  2.97645e-01
3.265667701e+00  1.5175780e-01  1.51758e-01
3.281996039e+00  3.9289636e-01  3.92896e-01
3.298406019e+00  1.6665731e-01  1.66657e-01
3.314898049e+00  1.9829811e-01  1.98298e-01
3.331472540e+00  3.8296105e-01  3.82961e-01
3.348129902e+00  3.1178112e-01  3.11781e-01
3.364870552e+00  3.7349266e-01  3.73493e-01
3.381694905e+00  4.6335117e-01  4.63351e-01
3.398603379e+00  5.5193401e-01  5.51934e-01
3.415596396e+00  5.6720942e-01  5.67209e-01
3.432674378e+00  5.9019630e-01  5.90196e-01
3.449837750e+00  5.6608561e-01  5.66086e-01
3.467086939e+00  5.9731955e-01  5.97320e-01
3.484422373e+00  5.7967983e-01  5.79680e-01
3.501844485e+00  5.8403885e-01  5.84039e-01
3.519353708e+00  5.5736441e-01  5.57364e-01
3.536950476e+00  5.3520519e-01  5.35205e-01
3.554635228e+00  5.3120532e-01  5.31205e-01
3.572408405e+00  5.2115439e-01  5.21154e-01
3.590270447e+00  5.0762513e-01  5.07625e-01
3.608221799e+00  5.0793596e-01  5.07936e-01
3.626262908e+00  5.2387015e-01  5.23870e-01
3.644394222e+00  5.4776132e-01  5.47761e-01
3.662616193e+00  5.3189776e-01  5.31898e-01
3.680929274e+00  4.7338221e-01  4.73382e-01
3.699333921e+00  5.7166366e-01  5.71664e-01
3.717830590e+00  5.4828171e-01  5.48282e-01
3.736419743e+00  5.3563407e-01  5.35634e-01
3.755101842e+00  5.2581466e-01  5.25815e-01
3.773877351e+00  5.2870565e-01  5.28706e-01
3.792746738e+00  4.7180329e-01  4.71803e-01
3.811710472e+00  4.4058970e-01  4.40590e-01
3.830769024e+00  4.8701411e-01  4.87014e-01
3.849922869e+00  4.7509818e-01  4.75098e-01
3.869172484e+00  5.5371229e-01  5.53712e-01
3.888518346e+00  5.8051070e-01  5.80511e-01
3.907960938e+00  5.8505099e-01  5.85051e-01
3.927500742e+00  5.8130550e-01  5.81306e-01
3.947138246e+00  5.6452930e-01  5.64529e-01
3.966873937e+00  5.2109793e-01  5.21098e-01
3.986708307e+00  5.0104784e-01  5.01048e-01
4.006641849e+00  5.0307917e-01  5.03079e-01
4.026675058e+00  4.7551513e-01  4.75515e-01
4.046808433e+00  4.8976314e-01  4.89763e-01
4.067042475e+00  4.6578044e-01  4.65780e-01
4.087377688e+00  3.9680605e-01  3.96806e-01
4.107814576e+00  3.9480058e-01  3.94801e-01
4.128353649e+00  3.8043825e-01  3.80438e-01
4.148995417e+00  2.8042534e-01  2.80425e-01
4.169740394e+00  4.8350093e-02  4.83501e-02
4.190589096e+00  5.1923212e-02  5.19232e-02
4.211542042e+00  6.3456744e-02  6.34567e-02
4.232599752e+00  6.5036924e-02  6.50369e-02
4.253762751e+00  6.7711861e-02  6.77119e-02
4.275031564e+00  6.8496204e-02  6.84962e-02
4.296406722e+00  7.4213222e-02  7.42132e-02
4.317888756e+00  7.6517203e-02  7.65172e-02
4.339478200e+00  7.8521301e-02  7.85213e-02
4.361175591e+00  8.0630720e-02  8.06307e-02
4.382981469e+00  8.2452893e-02  8.24529e-02
4.404896376e+00  8.5976927e-02  8.59769e-02
4.426920858e+00  8.6781607e-02  8.67816e-02
4.449055462e+00  8.2245200e-02  8.22452e-02
4.471300739e+00  7.6411657e-02  7.64117e-02
4.493657243e+00  1.3695984e-01  1.36960e-01
4.516125529e+00  3.7739847e-01  3.77398e-01
4.538706157e+00  7.0677909e-01  7.06779e-01
4.561399688e+00  8.2787437e-01  8.27874e-01
4.584206686e+00  8.7309267e-01  8.73093e-01
4.607127720e+00  8.4987647e-01  8.49876e-01
4.630163358e+00  8.9954535e-01  8.99545e-01
4.653314175e+00  9.4211028e-01  9.42110e-01
4.676580746e+00  8.8508198e-01  8.85082e-01
4.699963650e+00  7.3178247e-01  7.31782e-01
4.723463468e+00  6.3616710e-01  6.36167e-01
4.747080785e+00  5.8876720e-01  5.88767e-01
4.770816189e+00  5.0557446e-01  5.05574e-01
4.794670270e+00  3.8095930e-01  3.80959e-01
4.818643622e+00  1.9205434e-01  1.92054e-01
4.842736840e+00  1.8543784e-01  1.85438e-01
4.866950524e+00  2.3191329e-01  2.31913e-01
4.891285276e+00  4.4909862e-01  4.49099e-01
4.915741703e+00  8.1244054e-01  8.12441e-01
4.940320411e+00  9.5661566e-01  9.56616e-01
4.965022013e+00  1.0959312e+00  1.09593e+00
4.989847123e+00  1.2423465e+00  1.24235e+00
5.014796359e+00  8.9161190e-01  8.91612e-01
5.039870341e+00  1.3171881e+00  1.31719e+00
5.065069693e+00  1.3830545e+00  1.38305e+00
5.090395041e+00  1.0355320e+00  1.03553e+00
5.115847016e+00  1.1603720e+00  1.16037e+00
5.141426251e+00  7.9653371e-01  7.96534e-01
5.167133383e+00  7.3768189e-01  7.37682e-01
5.192969049e+00  8.6686557e-01  8.66866e-01
5.218933895e+00  6.1512671e-01  6.15127e-01
5.245028564e+00  7.2918895e-01  7.29189e-01
5.271253707e+00  9.0676338e-01  9.06763e-01
5.297609976e+00  8.9920860e-01  8.99209e-01
5.324098025e+00  1.2144213e+00  1.21442e+00
5.350718516e+00  6.5324347e-01  6.53243e-01
5.377472108e+00  1.0890057e+00  1.08901e+00
5.404359469e+00  1.0307642e+00  1.03076e+00
5.431381266e+00  8.1553847e-01  8.15538e-01
5.458538172e+00  7.4063735e-01  7.40637e-01
5.485830863e+00  9.4070163e-01  9.40702e-01
5.513260018e+00  1.0278246e+00  1.02782e+00
5.540826318e+00  8.4758006e-01  8.47580e-01
5.568530449e+00  6.0545336e-01  6.05453e-01
5.596373101e+00  8.3619178e-01  8.36192e-01
5.624354967e+00  7.3780487e-01  7.37805e-01
5.652476742e+00  6.7177818e-01  6.71778e-01
5.680739126e+00  7.3667667e-01  7.36677e-01
5.709142821e+00  6.1066816e-01  6.10668e-01
5.737688535e+00  5.9892419e-01  5.98924e-01
5.766376978e+00  5.7757568e-01  5.77576e-01
5.795208863e+00  8.8055677e-01  8.80557e-01
5.824184907e+00  5.5101180e-01  5.51012e-01
5.853305832e+00  6.9657905e-01  6.96579e-01
5.882572361e+00  5.2058683e-01  5.20587e-01
5.911985223e+00  6.8845549e-01  6.88455e-01
5.941545149e+00  5.9843617e-01  5.98436e-01
5.971252874e+00  6.7254953e-01  6.72550e-01
6.001109139e+00  7.5129363e-01  7.51294e-01
6.031114685e+00  7.9986741e-01  7.99867e-01
6.061270258e+00  5.9851706e-01  5.98517e-01
6.091576609e+00  8.3483808e-01  8.34838e-01
6.122034492e+00  8.9297732e-01  8.92977e-01
6.152644665e+00  8.2180424e-01  8.21804e-01
6.183407888e+00  8.2730840e-01  8.27308e-01
6.214324928e+00  1.1286218e+00  1.12862e+00
6.245396552e+00  1.3881876e+00  1.38819e+00
6.276623535e+00  1.3324918e+00  1.33249e+00
6.308006653e+00  1.5061634e+00  1.50616e+00
6.339546686e+00  9.3074937e-01  9.30749e-01
6.371244419e+00  9.6723061e-01  9.67231e-01
6.403100641e+00  8.3359601e-01  8.33596e-01
6.435116145e+00  9.5913575e-01  9.59136e-01
6.467291725e+00  9.6702356e-01  9.67024e-01
6.499628184e+00  8.9597915e-01  8.95979e-01
6.532126325e+00  1.0595325e+00  1.05953e+00
6.564786956e+00  8.5317326e-01  8.53173e-01
6.597610891e+00  1.0518962e+00  1.05190e+00
6.630598946e+00  9.1161233e-01  9.11612e-01
6.663751940e+00  1.1242244e+00  1.12422e+00
6.697070700e+00  1.2059673e+00  1.20597e+00
6.730556054e+00  1.4617992e+00  1.46180e+00
6.764208834e+00  1.5297779e+00  1.52978e+00
6.798029878e+00  1.3475005e+00  1.34750e+00
6.832020027e+00  1.5560604e+00  1.55606e+00
6.866180128e+00  1.1760308e+00  1.17603e+00
6.900511028e+00  1.7041400e+00  1.70414e+00
6.935013583e+00  2.2902521e+00  2.29025e+00
6.969688651e+00  1.7387952e+00  1.73880e+00
7.004537095e+00  2.0580271e+00  2.05803e+00
7.039559780e+00  1.5596932e+00  1.55969e+00
7.074757579e+00  2.4240501e+00  2.42405e+00
7.110131367e+00  2.3077708e+00  2.30777e+00
7.145682024e+00  1.8994900e+00  1.89949e+00
7.181410434e+00  2.3701899e+00  2.37019e+00
7.217317486e+00  2.6765769e+00  2.67658e+00
7.253404073e+00  2.6777173e+00  2.67772e+00
7.289671094e+00  2.5829542e+00  2.58295e+00
7.326119449e+00  2.8358152e+00  2.83582e+00
7.362750046e+00  3.2051188e+00  3.20512e+00
7.399563797e+00  3.5224323e+00  3.52243e+00
7.436561616e+00  3.9037472e+00  3.90375e+00
7.473744424e+00  2.8281882e+00  2.82819e+00
7.511113146e+00  4.4176949e+00  4.41769e+00
7.548668712e+00  4.5913388e+00  4.59134e+00
7.586412055e+00  3.1755919e+00  3.17559e+00
7.624344115e+00  4.0048397e+00  4.00484e+00
7.662465836e+00  5.3481812e+00  5.34818e+00
7.700778165e+00  5.5922534e+00  5.59225e+00
7.739282056e+00  5.2881390e+00  5.28814e+00
7.777978466e+00  4.8844956e+00  4.88450e+00
7.816868359e+00  5.4202745e+00  5.42027e+00
7.855952700e+00  4.6266467e+00  4.62665e+00
7.895232464e+00  4.5911582e+00  4.59116e+00
7.934708626e+00  4.9131936e+00  4.91319e+00
7.974382169e+00  5.5589116e+00  5.55891e+00
8.014254080e+00  5.6020324e+00  5.60203e+00
8.054325351e+00  5.6651238e+00  5.66512e+00
8.094596977e+00  6.0919394e+00  6.09194e+00
8.135069962e+00  6.2335723e+00  6.23357e+00
8.175745312e+00  6.1642268e+00  6.16423e+00
8.216624039e+00  6.3498412e+00  6.34984e+00
8.257707159e+00  5.9321400e+00  5.93214e+00
8.298995695e+00  6.5803932e+00  6.58039e+00
8.340490673e+00  6.3934869e+00  6.39349e+00
8.382193126e+00  6.6676648e+00  6.66766e+00
8.424104092e+00  6.3267980e+00  6.32680e+00
8.466224613e+00  6.7289105e+00  6.72891e+00
8.508555736e+00  6.3406953e+00  6.34070e+00
8.551098514e+00  6.7480988e+00  6.74810e+00
8.593854007e+00  6.7174298e+00  6.71743e+00
8.636823277e+00  6.8191200e+00  6.81912e+00
8.680007393e+00  6.7468343e+00  6.74683e+00
8.723407430e+00  6.8825755e+00  6.88258e+00
8.767024467e+00  6.9205839e+00  6.92058e+00
8.810859590e+00  6.7935909e+00  6.79359e+00
8.854913888e+00  6.9652069e+00  6.96521e+00
8.899188457e+00  6.9898316e+00  6.98983e+00
8.943684399e+00  6.9849058e+00  6.98491e+00
8.988402821e+00  6.9817147e+00  6.98171e+00
9.033344836e+00  7.0071789e+00  7.00718e+00
9.078511560e+00  7.0233840e+00  7.02338e+00
9.123904118e+00  7.0294547e+00  7.02945e+00
9.169523638e+00  6.3445447e+00  6.34454e+00
9.215371256e+00  5.5155396e+00  5.51554e+00
9.261448113e+00  5.2099584e+00  5.20996e+00
9.307755353e+00  5.2266688e+00  5.22667e+00
9.354294130e+00  5.6449832e+00  5.64498e+00
9.401065601e+00  6.5456030e+00  6.54560e+00
9.448070929e+00  5.8683644e+00  5.86836e+00
9.495311283e+00  5.5630631e+00  5.56306e+00
9.542787840e+00  6.0511410e+00  6.05114e+00
9.590501779e+00  6.3360704e+00  6.33607e+00
9.638454288e+00  6.5051083e+00  6.50511e+00
9.686646559e+00  6.7937988e+00  6.79380e+00
9.735079792e+00  7.1005079e+00  7.10051e+00
9.783755191e+00  7.2830150e+00  7.28301e+00
9.832673967e+00  7.3104135e+00  7.31041e+00
9.881837337e+00  7.3424090e+00  7.34241e+00
9.931246523e+00  7.3707665e+00  7.37077e+00
9.980902756e+00  7.3849022e+00  7.38490e+00
1.003080727e+01  7.3985221e+00  7.39852e+00
1.008096131e+01  7.3790290e+00  7.37903e+00
1.013136611e+01  6.9712319e+00  6.97123e+00
1.018202294e+01  6.6492873e+00  6.64929e+00
1.023293306e+01  6.1758805e+00  6.17588e+00
1.028409772e+01  6.0704542e+00  6.07045e+00
1.033551821e+01  6.3227616e+00  6.32276e+00
1.038719580e+01  6.9517422e+00  6.95174e+00
1.043913178e+01  6.6042914e+00  6.60429e+00
1.049132744e+01  6.5294468e+00  6.52945e+00
1.054378408e+01  6.4495358e+00  6.44954e+00
1.059650300e+01  6.4987716e+00  6.49877e+00
1.064948551e+01  6.6378567e+00  6.63786e+00
1.070273294e+01  6.8303706e+00  6.83037e+00
1.075624661e+01  7.0456735e+00  7.04567e+00
1.081002784e+01  7.1641092e+00  7.16411e+00
1.086407798e+01  7.2639291e+00  7.26393e+00
1.091839837e+01  7.3362698e+00  7.33627e+00
1.097299036e+01  7.3579038e+00  7.35790e+00
1.102785531e+01  7.3227909e+00  7.32279e+00
1.108299459e+01  7.3533191e+00  7.35332e+00
1.113840956e+01  7.3413406e+00  7.34134e+00
1.119410161e+01  7.3437860e+00  7.34379e+00
1.125007212e+01  7.3228072e+00  7.32281e+00
1.130632248e+01  7.3105220e+00  7.31052e+00
1.136285409e+01  7.2986115e+00  7.29861e+00
1.141966836e+01  7.2783386e+00  7.27834e+00
1.147676670e+01  7.2286717e+00  7.22867e+00
1.153415054e+01  7.2377955e+00  7.23780e+00
1.159182129e+01  7.2266667e+00  7.22667e+00
1.164978039e+01  7.2263687e+00  7.22637e+00
1.170802930e+01  7.1124390e+00  7.11244e+00
1.176656944e+01  7.1017999e+00  7.10180e+00
1.182540229e+01  7.1721820e+00  7.17218e+00
1.188452930e+01  7.0923527e+00  7.09235e+00
1.194395195e+01  7.1367277e+00  7.13673e+00
1.200367171e+01  7.1044502e+00  7.10445e+00
1.206369007e+01  6.7422569e+00  6.74226e+00
1.212400852e+01  6.9140272e+00  6.91403e+00
1.218462856e+01  6.7816421e+00  6.78164e+00
1.224555170e+01  6.5855516e+00  6.58555e+00
1.230677946e+01  6.3959317e+00  6.39593e+00
1.236831336e+01  6.2041807e+00  6.20418e+00
1.243015492e+01  6.0597094e+00  6.05971e+00
1.249230570e+01  5.9792505e+00  5.97925e+00
1.255476723e+01  5.8055671e+00  5.80557e+00
1.261754106e+01  4.0895929e+00  4.08959e+00
1.268062877e+01  6.1938719e+00  6.19387e+00
1.274403191e+01  5.8044612e+00  5.80446e+00
1.280775207e+01  5.4953898e+00  5.49539e+00
1.287179083e+01  5.2443850e+00  5.24439e+00
1.293614979e+01  4.8193411e+00  4.81934e+00
1.300083054e+01  4.3445843e+00  4.34458e+00
1.306583469e+01  4.3384374e+00  4.33844e+00
1.313116386e+01  3.8690679e+00  3.86907e+00
1.319681968e+01  3.3205792e+00  3.32058e+00
1.326280378e+01  3.0511240e+00  3.05112e+00
1.332911780e+01  2.9077749e+00  2.90777e+00
1.339576339e+01  2.8339897e+00  2.83399e+00
1.346274221e+01  2.8542013e+00  2.85420e+00
1.353005592e+01  2.9035151e+00  2.90352e+00
1.359770620e+01  2.8647211e+00  2.86472e+00
1.366569473e+01  2.8597949e+00  2.85979e+00
1.373402320e+01  2.8327342e+00  2.83273e+00
1.380269332e+01  2.8290894e+00  2.82909e+00
1.387170678e+01  3.0355478e+00  3.03555e+00
1.394106532e+01  2.9174199e+00  2.91742e+00
1.401077064e+01  2.9281510e+00  2.92815e+00
1.408082450e+01  2.9629412e+00  2.96294e+00
1.415122862e+01  2.9869860e+00  2.98699e+00
1.422198476e+01  3.0163319e+00  3.01633e+00
1.429309469e+01  3.0102329e+00  3.01023e+00
1.436456016e+01  3.0194936e+00  3.01949e+00
1.443638296e+01  3.0186513e+00  3.01865e+00
1.450856487e+01  3.0045181e+00  3.00452e+00
1.458110770e+01  3.0006978e+00  3.00070e+00
1.465401324e+01  2.9875589e+00  2.98756e+00
1.472728330e+01  2.9763973e+00  2.97640e+00
1.480091972e+01  2.9660770e+00  2.96608e+00
1.487492432e+01  2.9451712e+00  2.94517e+00
1.494929894e+01  2.7292324e+00  2.72923e+00
1.502404544e+01  2.8922846e+00  2.89228e+00
1.509916566e+01  2.8581584e+00  2.85816e+00
1.517466149e+01  2.8910671e+00  2.89107e+00
1.525053480e+01  2.8765955e+00  2.87660e+00
1.532678747e+01  2.8663973e+00  2.86640e+00
1.540342141e+01  2.8067716e+00  2.80677e+00
1.548043852e+01  2.8212229e+00  2.82122e+00
1.555784071e+01  2.8084150e+00  2.80842e+00
1.563562991e+01  2.7846783e+00  2.78468e+00
1.571380806e+01  2.7697857e+00  2.76979e+00
1.579237710e+01  2.7413752e+00  2.74138e+00
1.587133899e+01  2.7140674e+00  2.71407e+00
1.595069568e+01  2.6601063e+00  2.66011e+00
1.603044916e+01  2.6230247e+00  2.62302e+00
1.611060141e+01  2.5315664e+00  2.53157e+00
1.619115441e+01  2.6475864e+00  2.64759e+00
1.627211019e+01  2.5389631e+00  2.53896e+00
1.635347074e+01  2.4765488e+00  2.47655e+00
1.643523809e+01  2.4858406e+00  2.48584e+00
1.651741428e+01  2.4355132e+00  2.43551e+00
1.660000135e+01  2.4090908e+00  2.40909e+00
1.668300136e+01  2.3919983e+00  2.39200e+00
1.676641637e+01  2.4256276e+00  2.42563e+00
1.685024845e+01  2.3574542e+00  2.35745e+00
1.693449969e+01  2.3469748e+00  2.34697e+00
1.701917219e+01  2.3605228e+00  2.36052e+00
1.710426805e+01  2.3991439e+00  2.39914e+00
1.718978939e+01  2.4931586e+00  2.49316e+00
1.727573834e+01  2.6488851e+00  2.64889e+00
1.736211703e+01  2.6779566e+00  2.67796e+00
1.744892761e+01  2.9529246e+00  2.95292e+00
1.753617225e+01  3.0024492e+00  3.00245e+00
1.762385311e+01  2.9427539e+00  2.94275e+00
1.771197238e+01  3.1680481e+00  3.16805e+00
1.780053224e+01  3.3173768e+00  3.31738e+00
1.788953490e+01  3.3994631e+00  3.39946e+00
1.797898258e+01  3.3898299e+00  3.38983e+00
1.806887749e+01  3.3736852e+00  3.37369e+00
1.815922188e+01  3.1657418e+00  3.16574e+00
1.825001799e+01  3.0254678e+00  3.02547e+00
1.834126808e+01  2.4557382e+00  2.45574e+00
1.843297442e+01  3.3085146e+00  3.30851e+00
1.852513929e+01  3.3399836e+00  3.33998e+00
1.861776499e+01  3.1245323e+00  3.12453e+00
1.871085381e+01  3.1856778e+00  3.18568e+00
1.880440808e+01  3.2343860e+00  3.23439e+00
1.889843012e+01  3.1224801e+00  3.12248e+00
1.899292227e+01  2.6586416e+00  2.65864e+00
1.908788688e+01  2.9943200e+00  2.99432e+00
1.918332632e+01  2.9520905e+00  2.95209e+00
1.927924295e+01  2.4871873e+00  2.48719e+00
1.937563916e+01  2.6081630e+00  2.60816e+00
1.947251736e+01  2.9814075e+00  2.98141e+00
1.956987994e+01  2.7793220e+00  2.77932e+00
1.966772934e+01  2.6810515e+00  2.68105e+00
1.976606799e+01  2.5282006e+00  2.52820e+00
1.986489833e+01  2.4890863e+00  2.48909e+00
1.996422282e+01  2.5509562e+00  2.55096e+00
