# WARNING | PUMAS | The aerosols require higher scattering requirements, of NMAX:1 and LMAX:3, for the selected aerosols having a max g of 0.02.
# ------------------------------------------------------------------------
# Radiance spectrum
# NASA-GSFC Planetary Spectrum Generator (PSG) (Villanueva et al. 2018, 2022)
# Synthesized on Thu Nov 30 22:52:05 2023
# Doppler velocities [km/s] (vobs,vrot+vorb,vwidth,vrfl,vstr): 0.00000,-0.00000,0.01000,0.00000,0.00000
# ------------------------------------------------------------------------
# Spectra synthesized with the Planetary and Universal Model of Atmospheric Scattering (PUMAS, Villanueva et al. 2018, 2022)
# Single scattering radiative transfer method
# ------------------------------------------------------------------------
# Spectral unit: Wavelength [um]
# Radiance unit: Spectral radiance [W/sr/m2/um]
# Wave/freq Total Mars
4.000000000e-01  4.7468635e+01  4.74686e+01
4.020000000e-01  4.7926713e+01  4.79267e+01
4.040100000e-01  4.8373317e+01  4.83733e+01
4.060300500e-01  4.8810169e+01  4.88102e+01
4.080602003e-01  4.9238904e+01  4.92389e+01
4.101005013e-01  4.9659374e+01  4.96594e+01
4.121510038e-01  5.0076165e+01  5.00762e+01
4.142117588e-01  5.0480206e+01  5.04802e+01
4.162828176e-01  5.0879928e+01  5.08799e+01
4.183642317e-01  5.1270929e+01  5.12709e+01
4.204560528e-01  5.1655381e+01  5.16554e+01
4.225583331e-01  5.2032070e+01  5.20321e+01
4.246711247e-01  5.2398646e+01  5.23986e+01
4.267944804e-01  5.2759926e+01  5.27599e+01
4.289284528e-01  5.3110329e+01  5.31103e+01
4.310730950e-01  5.3451058e+01  5.34511e+01
4.332284605e-01  5.3786782e+01  5.37868e+01
4.353946028e-01  5.4106715e+01  5.41067e+01
4.375715758e-01  5.4428450e+01  5.44284e+01
4.397594337e-01  5.4725087e+01  5.47251e+01
4.419582309e-01  5.4991406e+01  5.49914e+01
4.441680220e-01  5.5261872e+01  5.52619e+01
4.463888621e-01  5.5567258e+01  5.55673e+01
4.486208064e-01  5.5859294e+01  5.58593e+01
4.508639105e-01  5.6132231e+01  5.61322e+01
4.531182300e-01  5.6382028e+01  5.63820e+01
4.553838212e-01  5.6625006e+01  5.66250e+01
4.576607403e-01  5.6859939e+01  5.68599e+01
4.599490440e-01  5.7084624e+01  5.70846e+01
4.622487892e-01  5.7300254e+01  5.73003e+01
4.645600332e-01  5.7505921e+01  5.75059e+01
4.668828333e-01  5.7696628e+01  5.76966e+01
4.692172475e-01  5.7869133e+01  5.78691e+01
4.715633337e-01  5.8053107e+01  5.80531e+01
4.739211504e-01  5.8221228e+01  5.82212e+01
4.762907561e-01  5.8393699e+01  5.83937e+01
4.786722099e-01  5.8546741e+01  5.85467e+01
4.810655710e-01  5.8686651e+01  5.86867e+01
4.834708988e-01  5.8816363e+01  5.88164e+01
4.858882533e-01  5.8918639e+01  5.89186e+01
4.883176946e-01  5.9031741e+01  5.90317e+01
4.907592831e-01  5.9147482e+01  5.91475e+01
4.932130795e-01  5.9251097e+01  5.92511e+01
4.956791449e-01  5.9338293e+01  5.93383e+01
4.981575406e-01  5.9417069e+01  5.94171e+01
5.006483283e-01  5.9452068e+01  5.94521e+01
5.031515699e-01  5.9229008e+01  5.92290e+01
5.056673278e-01  5.9313518e+01  5.93135e+01
5.081956644e-01  5.9413885e+01  5.94139e+01
5.107366428e-01  5.9599672e+01  5.95997e+01
5.132903260e-01  5.9685534e+01  5.96855e+01
5.158567776e-01  5.9712822e+01  5.97128e+01
5.184360615e-01  5.9720512e+01  5.97205e+01
5.210282418e-01  5.9719818e+01  5.97198e+01
5.236333830e-01  5.9690037e+01  5.96900e+01
5.262515499e-01  5.9673470e+01  5.96735e+01
5.288828077e-01  5.9652026e+01  5.96520e+01
5.315272217e-01  5.9622508e+01  5.96225e+01
5.341848578e-01  5.9588323e+01  5.95883e+01
5.368557821e-01  5.9533294e+01  5.95333e+01
5.395400610e-01  5.9417009e+01  5.94170e+01
5.422377613e-01  5.9239622e+01  5.92396e+01
5.449489501e-01  5.9188992e+01  5.91890e+01
5.476736949e-01  5.9173637e+01  5.91736e+01
5.504120634e-01  5.9147984e+01  5.91480e+01
5.531641237e-01  5.9079303e+01  5.90793e+01
5.559299443e-01  5.8984695e+01  5.89847e+01
5.587095940e-01  5.8874962e+01  5.88750e+01
5.615031420e-01  5.8753815e+01  5.87538e+01
5.643106577e-01  5.8627633e+01  5.86276e+01
5.671322110e-01  5.8424206e+01  5.84242e+01
5.699678720e-01  5.8067042e+01  5.80670e+01
5.728177114e-01  5.7999923e+01  5.79999e+01
5.756818000e-01  5.7907642e+01  5.79076e+01
5.785602090e-01  5.7851073e+01  5.78511e+01
5.814530100e-01  5.7722285e+01  5.77223e+01
5.843602750e-01  5.7518916e+01  5.75189e+01
5.872820764e-01  5.6834226e+01  5.68342e+01
5.902184868e-01  5.5270777e+01  5.52708e+01
5.931695792e-01  5.5388851e+01  5.53889e+01
5.961354271e-01  5.5672852e+01  5.56729e+01
5.991161043e-01  5.6145437e+01  5.61454e+01
6.021116848e-01  5.6370262e+01  5.63703e+01
6.051222432e-01  5.6237517e+01  5.62375e+01
6.081478544e-01  5.6038275e+01  5.60383e+01
6.111885937e-01  5.5820126e+01  5.58201e+01
6.142445367e-01  5.5583893e+01  5.55839e+01
6.173157594e-01  5.5338895e+01  5.53389e+01
6.204023382e-01  5.5089452e+01  5.50895e+01
6.235043498e-01  5.4877949e+01  5.48779e+01
6.266218716e-01  5.4520574e+01  5.45206e+01
6.297549810e-01  5.4211420e+01  5.42114e+01
6.329037559e-01  5.3990674e+01  5.39907e+01
6.360682746e-01  5.3790102e+01  5.37901e+01
6.392486160e-01  5.3569148e+01  5.35691e+01
6.424448591e-01  5.3288120e+01  5.32881e+01
6.456570834e-01  5.2536933e+01  5.25369e+01
6.488853688e-01  5.1465111e+01  5.14651e+01
6.521297956e-01  5.1667906e+01  5.16679e+01
6.553904446e-01  5.1432736e+01  5.14327e+01
6.586673968e-01  5.1625686e+01  5.16257e+01
6.619607338e-01  5.1637262e+01  5.16373e+01
6.652705375e-01  5.1388366e+01  5.13884e+01
6.685968902e-01  5.1131409e+01  5.11314e+01
6.719398746e-01  5.0853533e+01  5.08535e+01
6.752995740e-01  5.0560620e+01  5.05606e+01
6.786760719e-01  5.0255812e+01  5.02558e+01
6.820694522e-01  4.9925046e+01  4.99250e+01
6.854797995e-01  4.9587288e+01  4.95873e+01
6.889071985e-01  4.9278295e+01  4.92783e+01
6.923517345e-01  4.7531160e+01  4.75312e+01
6.958134932e-01  4.6294792e+01  4.62948e+01
6.992925606e-01  4.6342379e+01  4.63424e+01
7.027890234e-01  4.6282906e+01  4.62829e+01
7.063029686e-01  4.6728960e+01  4.67290e+01
7.098344834e-01  4.6824301e+01  4.68243e+01
7.133836558e-01  4.6494784e+01  4.64948e+01
7.169505741e-01  4.0933947e+01  4.09339e+01
7.205353270e-01  3.9236806e+01  3.92368e+01
7.241380036e-01  3.8732049e+01  3.87320e+01
7.277586936e-01  3.8787227e+01  3.87872e+01
7.313974871e-01  4.0488549e+01  4.04885e+01
7.350544745e-01  4.3333449e+01  4.33334e+01
7.387297469e-01  4.3780180e+01  4.37802e+01
7.424233956e-01  4.4258372e+01  4.42584e+01
7.461355126e-01  4.4113050e+01  4.41131e+01
7.498661902e-01  4.3812630e+01  4.38126e+01
7.536155211e-01  4.3489793e+01  4.34898e+01
7.573835987e-01  4.3154072e+01  4.31541e+01
7.611705167e-01  4.2816042e+01  4.28160e+01
7.649763693e-01  4.2478125e+01  4.24781e+01
7.688012511e-01  4.2139271e+01  4.21393e+01
7.726452574e-01  4.1795473e+01  4.17955e+01
7.765084837e-01  4.1448426e+01  4.14484e+01
7.803910261e-01  4.1078907e+01  4.10789e+01
7.842929812e-01  4.0614269e+01  4.06143e+01
7.882144461e-01  3.9427529e+01  3.94275e+01
7.921555184e-01  3.9081928e+01  3.90819e+01
7.961162960e-01  3.8616921e+01  3.86169e+01
8.000968774e-01  3.8052784e+01  3.80528e+01
8.040973618e-01  3.8143307e+01  3.81433e+01
8.081178486e-01  3.8033947e+01  3.80339e+01
8.121584379e-01  3.5187496e+01  3.51875e+01
8.162192301e-01  3.0164643e+01  3.01646e+01
8.203003262e-01  3.3245630e+01  3.32456e+01
8.244018279e-01  3.2538224e+01  3.25382e+01
8.285238370e-01  3.2172780e+01  3.21728e+01
8.326664562e-01  3.3480496e+01  3.34805e+01
8.368297885e-01  3.5014999e+01  3.50150e+01
8.410139374e-01  3.5290190e+01  3.52902e+01
8.452190071e-01  3.5420684e+01  3.54207e+01
8.494451021e-01  3.5125197e+01  3.51252e+01
8.536923276e-01  3.4806489e+01  3.48065e+01
8.579607893e-01  3.4540087e+01  3.45401e+01
8.622505932e-01  3.4141627e+01  3.41416e+01
8.665618462e-01  3.3840536e+01  3.38405e+01
8.708946554e-01  3.3464349e+01  3.34643e+01
8.752491287e-01  3.3256223e+01  3.32562e+01
8.796253743e-01  3.2564217e+01  3.25642e+01
8.840235012e-01  3.0669784e+01  3.06698e+01
8.884436187e-01  2.9892472e+01  2.98925e+01
8.928858368e-01  2.9072287e+01  2.90723e+01
8.973502660e-01  2.3109221e+01  2.31092e+01
9.018370173e-01  2.4429217e+01  2.44292e+01
9.063462024e-01  2.4848465e+01  2.48485e+01
9.108779334e-01  2.3592346e+01  2.35923e+01
9.154323231e-01  2.3806819e+01  2.38068e+01
9.200094847e-01  2.5633270e+01  2.56333e+01
9.246095321e-01  2.5719167e+01  2.57192e+01
9.292325798e-01  1.8888831e+01  1.88888e+01
9.338787427e-01  8.5289751e+00  8.52898e+00
9.385481364e-01  1.2186907e+01  1.21869e+01
9.432408771e-01  1.2593252e+01  1.25933e+01
9.479570815e-01  1.2628458e+01  1.26285e+01
9.526968669e-01  1.3447907e+01  1.34479e+01
9.574603512e-01  1.5569834e+01  1.55698e+01
9.622476530e-01  1.7014232e+01  1.70142e+01
9.670588912e-01  2.0053985e+01  2.00540e+01
9.718941857e-01  2.1867382e+01  2.18674e+01
9.767536566e-01  2.1400708e+01  2.14007e+01
9.816374249e-01  2.2839724e+01  2.28397e+01
9.865456120e-01  2.4470410e+01  2.44704e+01
9.914783401e-01  2.4444385e+01  2.44444e+01
9.964357318e-01  2.4490490e+01  2.44905e+01
1.001417910e+00  2.4029330e+01  2.40293e+01
1.006425000e+00  2.3896143e+01  2.38961e+01
1.011457125e+00  2.3680070e+01  2.36801e+01
1.016514411e+00  2.3586690e+01  2.35867e+01
1.021596983e+00  2.3417877e+01  2.34179e+01
1.026704968e+00  2.3319058e+01  2.33191e+01
1.031838492e+00  2.3215999e+01  2.32160e+01
1.036997685e+00  2.2668935e+01  2.26689e+01
1.042182673e+00  2.2658092e+01  2.26581e+01
1.047393587e+00  2.2357063e+01  2.23571e+01
1.052630555e+00  2.1549160e+01  2.15492e+01
1.057893707e+00  2.1980112e+01  2.19801e+01
1.063183176e+00  2.1603462e+01  2.16035e+01
1.068499092e+00  2.1339385e+01  2.13394e+01
1.073841587e+00  2.1053558e+01  2.10536e+01
1.079210795e+00  2.0504061e+01  2.05041e+01
1.084606849e+00  1.9847730e+01  1.98477e+01
1.090029883e+00  1.9517161e+01  1.95172e+01
1.095480033e+00  1.8366372e+01  1.83664e+01
1.100957433e+00  1.6534563e+01  1.65346e+01
1.106462220e+00  1.5303984e+01  1.53040e+01
1.111994531e+00  1.2255270e+01  1.22553e+01
1.117554504e+00  6.2303226e+00  6.23032e+00
1.123142276e+00  4.9268934e+00  4.92689e+00
1.128757988e+00  4.2410869e+00  4.24109e+00
1.134401778e+00  3.6260278e+00  3.62603e+00
1.140073787e+00  8.4684582e+00  8.46846e+00
1.145774156e+00  4.3695652e+00  4.36957e+00
1.151503026e+00  6.4814726e+00  6.48147e+00
1.157260541e+00  9.0145164e+00  9.01452e+00
1.163046844e+00  1.0115127e+01  1.01151e+01
1.168862078e+00  1.2082141e+01  1.20821e+01
1.174706389e+00  1.2246434e+01  1.22464e+01
1.180579921e+00  1.2656476e+01  1.26565e+01
1.186482820e+00  1.3270287e+01  1.32703e+01
1.192415234e+00  1.4008706e+01  1.40087e+01
1.198377311e+00  1.3566306e+01  1.35663e+01
1.204369197e+00  1.0749812e+01  1.07498e+01
1.210391043e+00  1.2277790e+01  1.22778e+01
1.216442998e+00  1.2990652e+01  1.29907e+01
1.222525213e+00  1.1775381e+01  1.17754e+01
1.228637839e+00  1.3833983e+01  1.38340e+01
1.234781029e+00  1.4312598e+01  1.43126e+01
1.240954934e+00  1.4530969e+01  1.45310e+01
1.247159708e+00  1.4447816e+01  1.44478e+01
1.253395507e+00  1.4213314e+01  1.42133e+01
1.259662485e+00  1.4028553e+01  1.40286e+01
1.265960797e+00  1.3823574e+01  1.38236e+01
1.272290601e+00  1.3670641e+01  1.36706e+01
1.278652054e+00  1.3407598e+01  1.34076e+01
1.285045314e+00  1.3198089e+01  1.31981e+01
1.291470541e+00  1.2329291e+01  1.23293e+01
1.297927893e+00  1.1985935e+01  1.19859e+01
1.304417533e+00  1.1123580e+01  1.11236e+01
1.310939621e+00  1.0079191e+01  1.00792e+01
1.317494319e+00  8.9116320e+00  8.91163e+00
1.324081790e+00  8.5441511e+00  8.54415e+00
1.330702199e+00  5.7295473e+00  5.72955e+00
1.337355710e+00  5.9306166e+00  5.93062e+00
1.344042489e+00  3.5677797e+00  3.56778e+00
1.350762701e+00  6.0875060e-01  6.08751e-01
1.357516515e+00  2.6628752e-02  2.66288e-02
1.364304097e+00  1.2485216e-02  1.24852e-02
1.371125618e+00  1.4965631e-02  1.49656e-02
1.377981246e+00  2.5121586e-02  2.51216e-02
1.384871152e+00  1.8766140e-02  1.87661e-02
1.391795508e+00  3.1953808e-02  3.19538e-02
1.398754485e+00  4.2707424e-02  4.27074e-02
1.405748258e+00  8.0861161e-02  8.08612e-02
1.412776999e+00  3.0843517e-01  3.08435e-01
1.419840884e+00  5.2734531e-01  5.27345e-01
1.426940089e+00  1.0144310e+00  1.01443e+00
1.434074789e+00  5.1956985e-01  5.19570e-01
1.441245163e+00  7.5163788e-01  7.51638e-01
1.448451389e+00  1.8105991e+00  1.81060e+00
1.455693646e+00  3.3912405e+00  3.39124e+00
1.462972114e+00  3.2249696e+00  3.22497e+00
1.470286975e+00  1.7999739e+00  1.79997e+00
1.477638409e+00  2.8952208e+00  2.89522e+00
1.485026601e+00  3.5748909e+00  3.57489e+00
1.492451734e+00  5.3594242e+00  5.35942e+00
1.499913993e+00  6.7455360e+00  6.74554e+00
1.507413563e+00  6.8174498e+00  6.81745e+00
1.514950631e+00  7.4070880e+00  7.40709e+00
1.522525384e+00  7.6419625e+00  7.64196e+00
1.530138011e+00  6.3865919e+00  6.38659e+00
1.537788701e+00  5.7927924e+00  5.79279e+00
1.545477645e+00  7.0867554e+00  7.08676e+00
1.553205033e+00  7.6757377e+00  7.67574e+00
1.560971058e+00  7.5232448e+00  7.52324e+00
1.568775913e+00  3.3653351e+00  3.36534e+00
1.576619793e+00  1.8887618e+00  1.88876e+00
1.584502892e+00  5.1143428e+00  5.11434e+00
1.592425406e+00  6.8357498e+00  6.83575e+00
1.600387533e+00  2.1633373e+00  2.16334e+00
1.608389471e+00  1.9072488e+00  1.90725e+00
1.616431418e+00  4.2672204e+00  4.26722e+00
1.624513575e+00  5.3746457e+00  5.37465e+00
1.632636143e+00  4.6759059e+00  4.67591e+00
1.640799324e+00  4.2211756e+00  4.22118e+00
1.649003321e+00  3.6343997e+00  3.63440e+00
1.657248337e+00  4.8156961e+00  4.81570e+00
1.665534579e+00  3.4501449e+00  3.45014e+00
1.673862252e+00  4.7486660e+00  4.74867e+00
1.682231563e+00  4.7263358e+00  4.72634e+00
1.690642721e+00  4.2534492e+00  4.25345e+00
1.699095934e+00  3.4868530e+00  3.48685e+00
1.707591414e+00  2.8692200e+00  2.86922e+00
1.716129371e+00  4.2130897e+00  4.21309e+00
1.724710018e+00  2.9126673e+00  2.91267e+00
1.733333568e+00  3.4013129e+00  3.40131e+00
1.742000236e+00  3.8889029e+00  3.88890e+00
1.750710237e+00  3.9894359e+00  3.98944e+00
1.759463788e+00  3.7432819e+00  3.74328e+00
1.768261107e+00  3.3077004e+00  3.30770e+00
1.777102413e+00  2.7959236e+00  2.79592e+00
1.785987925e+00  2.4129819e+00  2.41298e+00
1.794917864e+00  1.8025420e+00  1.80254e+00
1.803892454e+00  7.2959228e-01  7.29592e-01
1.812911916e+00  2.5852919e-01  2.58529e-01
1.821976476e+00  1.3052778e-01  1.30528e-01
1.831086358e+00  5.8599493e-03  5.85995e-03
1.840241790e+00  1.9530864e-03  1.95309e-03
1.849442999e+00  2.0318159e-03  2.03182e-03
1.858690214e+00  1.7919599e-03  1.79196e-03
1.867983665e+00  2.0476438e-03  2.04764e-03
1.877323583e+00  3.3656211e-03  3.36562e-03
1.886710201e+00  9.1793887e-03  9.17939e-03
1.896143752e+00  8.0391186e-03  8.03912e-03
1.905624471e+00  2.5242196e-03  2.52422e-03
1.915152593e+00  1.1112964e-02  1.11130e-02
1.924728356e+00  5.3442504e-02  5.34425e-02
1.934351998e+00  1.4369252e-01  1.43693e-01
1.944023758e+00  2.2584046e-01  2.25840e-01
1.953743877e+00  1.4613666e-02  1.46137e-02
1.963512596e+00  8.5471950e-04  8.54720e-04
1.973330159e+00  2.2296839e-01  2.22968e-01
1.983196810e+00  1.5414014e+00  1.54140e+00
1.993112794e+00  9.1508402e-01  9.15084e-01
2.003078358e+00  5.3952966e-04  5.39530e-04
2.013093750e+00  1.4182917e-04  1.41829e-04
2.023159218e+00  1.0434273e-02  1.04343e-02
2.033275015e+00  1.8822363e-01  1.88224e-01
2.043441390e+00  1.9537861e-01  1.95379e-01
2.053658597e+00  1.8203732e-02  1.82037e-02
2.063926890e+00  6.9712639e-03  6.97126e-03
2.074246524e+00  7.1218504e-02  7.12185e-02
2.084617757e+00  2.2733076e-01  2.27331e-01
2.095040845e+00  8.3980522e-01  8.39805e-01
2.105516050e+00  1.8114595e+00  1.81146e+00
2.116043630e+00  2.1858045e+00  2.18580e+00
2.126623848e+00  2.5759439e+00  2.57594e+00
2.137256967e+00  2.5925532e+00  2.59255e+00
2.147943252e+00  2.0341165e+00  2.03412e+00
2.158682968e+00  1.8684362e+00  1.86844e+00
2.169476383e+00  1.7612307e+00  1.76123e+00
2.180323765e+00  2.1546485e+00  2.15465e+00
2.191225384e+00  2.1419595e+00  2.14196e+00
2.202181511e+00  6.7183227e-01  6.71832e-01
2.213192418e+00  1.7255121e+00  1.72551e+00
2.224258381e+00  1.1439059e+00  1.14391e+00
2.235379672e+00  7.8417425e-01  7.84174e-01
2.246556571e+00  5.3428769e-01  5.34288e-01
2.257789354e+00  4.4793548e-01  4.47935e-01
2.269078300e+00  4.6171527e-01  4.61715e-01
2.280423692e+00  4.9830846e-01  4.98308e-01
2.291825810e+00  2.0257555e-01  2.02576e-01
2.303284939e+00  1.3725406e-01  1.37254e-01
2.314801364e+00  6.2688497e-01  6.26885e-01
2.326375371e+00  3.1239700e-01  3.12397e-01
2.338007248e+00  1.8223495e-01  1.82235e-01
2.349697284e+00  1.0237265e-01  1.02373e-01
2.361445770e+00  4.0259270e-01  4.02593e-01
2.373252999e+00  1.5977196e-01  1.59772e-01
2.385119264e+00  3.9237464e-01  3.92375e-01
2.397044861e+00  4.0666278e-01  4.06663e-01
2.409030085e+00  6.7631811e-01  6.76318e-01
2.421075235e+00  5.4580333e-01  5.45803e-01
2.433180612e+00  5.8640521e-01  5.86405e-01
2.445346515e+00  6.2324477e-01  6.23245e-01
2.457573247e+00  8.3407547e-01  8.34075e-01
2.469861113e+00  5.9834330e-01  5.98343e-01
2.482210419e+00  2.7807689e-01  2.78077e-01
2.494621471e+00  1.7553909e-01  1.75539e-01
2.507094578e+00  1.4035097e-01  1.40351e-01
2.519630051e+00  2.9531902e-02  2.95319e-02
2.532228202e+00  1.3116768e-03  1.31168e-03
2.544889343e+00  5.2229801e-04  5.22298e-04
2.557613789e+00  4.3705465e-04  4.37055e-04
2.570401858e+00  2.6491384e-04  2.64914e-04
2.583253867e+00  2.1475626e-04  2.14756e-04
2.596170137e+00  1.8779900e-04  1.87799e-04
2.609150988e+00  1.8766207e-04  1.87662e-04
2.622196742e+00  2.3056423e-04  2.30564e-04
2.635307726e+00  4.0880147e-04  4.08801e-04
2.648484265e+00  4.1180697e-04  4.11807e-04
2.661726686e+00  1.7514442e-04  1.75144e-04
2.675035320e+00  1.5133830e-04  1.51338e-04
2.688410496e+00  1.7148032e-04  1.71480e-04
2.701852549e+00  1.8857456e-04  1.88575e-04
2.715361811e+00  1.7941160e-04  1.79412e-04
2.728938620e+00  1.6265996e-04  1.62660e-04
2.742583314e+00  1.9959778e-04  1.99598e-04
2.756296230e+00  2.5701034e-04  2.57010e-04
2.770077711e+00  2.7561646e-04  2.75616e-04
2.783928100e+00  2.9748713e-04  2.97487e-04
2.797847740e+00  2.8630414e-04  2.86304e-04
2.811836979e+00  2.8207842e-04  2.82078e-04
2.825896164e+00  3.1544668e-04  3.15447e-04
2.840025645e+00  3.8590270e-04  3.85903e-04
2.854225773e+00  1.2182722e-03  1.21827e-03
2.868496902e+00  4.2722256e-03  4.27223e-03
2.882839386e+00  2.6933736e-02  2.69337e-02
2.897253583e+00  9.9100900e-02  9.91009e-02
2.911739851e+00  9.1431193e-02  9.14312e-02
2.926298550e+00  1.9775449e-01  1.97754e-01
2.940930043e+00  1.4334172e-01  1.43342e-01
2.955634693e+00  1.8737226e-01  1.87372e-01
2.970412867e+00  8.1876436e-02  8.18764e-02
2.985264931e+00  2.4454831e-01  2.44548e-01
3.000191256e+00  2.5126378e-01  2.51264e-01
3.015192212e+00  1.8919811e-01  1.89198e-01
3.030268173e+00  1.9640951e-01  1.96410e-01
3.045419514e+00  1.1614755e-01  1.16148e-01
3.060646612e+00  1.3167588e-01  1.31676e-01
3.075949845e+00  1.9601659e-01  1.96017e-01
3.091329594e+00  7.3922856e-02  7.39229e-02
3.106786242e+00  7.6172765e-02  7.61728e-02
3.122320173e+00  1.7793615e-01  1.77936e-01
3.137931774e+00  2.5180386e-01  2.51804e-01
3.153621433e+00  2.1385985e-01  2.13860e-01
3.169389540e+00  2.7032499e-01  2.70325e-01
3.185236488e+00  1.0872381e-01  1.08724e-01
3.201162670e+00  1.9376452e-02  1.93765e-02
3.217168483e+00  1.3817901e-02  1.38179e-02
3.233254326e+00  1.3953120e-02  1.39531e-02
3.249420598e+00  1.0627387e-02  1.06274e-02
3.265667701e+00  1.5232510e-02  1.52325e-02
3.281996039e+00  7.0096224e-02  7.00962e-02
3.298406019e+00  4.3638739e-02  4.36387e-02
3.314898049e+00  6.0106805e-03  6.01068e-03
3.331472540e+00  2.7372484e-02  2.73725e-02
3.348129902e+00  5.0258667e-02  5.02587e-02
3.364870552e+00  3.3246705e-02  3.32467e-02
3.381694905e+00  2.8389629e-02  2.83896e-02
3.398603379e+00  4.0111858e-02  4.01119e-02
3.415596396e+00  5.7623827e-02  5.76238e-02
3.432674378e+00  8.1301130e-02  8.13011e-02
3.449837750e+00  9.0827981e-02  9.08280e-02
3.467086939e+00  1.1999414e-01  1.19994e-01
3.484422373e+00  8.0605415e-02  8.06054e-02
3.501844485e+00  1.9352283e-01  1.93523e-01
3.519353708e+00  2.3320091e-01  2.33201e-01
3.536950476e+00  9.9413982e-02  9.94140e-02
3.554635228e+00  2.1181036e-01  2.11810e-01
3.572408405e+00  1.8348632e-01  1.83486e-01
3.590270447e+00  1.8582124e-01  1.85821e-01
3.608221799e+00  2.0167438e-01  2.01674e-01
3.626262908e+00  3.1676274e-01  3.16763e-01
3.644394222e+00  2.7808261e-01  2.78083e-01
3.662616193e+00  3.2490035e-01  3.24900e-01
3.680929274e+00  3.6104249e-01  3.61042e-01
3.699333921e+00  3.8833656e-01  3.88337e-01
3.717830590e+00  3.9393391e-01  3.93934e-01
3.736419743e+00  3.4776366e-01  3.47764e-01
3.755101842e+00  4.1665111e-01  4.16651e-01
3.773877351e+00  3.8169871e-01  3.81699e-01
3.792746738e+00  3.3317273e-01  3.33173e-01
3.811710472e+00  3.8575853e-01  3.85759e-01
3.830769024e+00  4.2569007e-01  4.25690e-01
3.849922869e+00  3.2845401e-01  3.28454e-01
3.869172484e+00  4.2880533e-01  4.28805e-01
3.888518346e+00  4.6187419e-01  4.61874e-01
3.907960938e+00  4.5207983e-01  4.52080e-01
3.927500742e+00  4.7379530e-01  4.73795e-01
3.947138246e+00  4.9007487e-01  4.90075e-01
3.966873937e+00  4.7681438e-01  4.76814e-01
3.986708307e+00  4.7054854e-01  4.70549e-01
4.006641849e+00  4.4995605e-01  4.49956e-01
4.026675058e+00  4.5843314e-01  4.58433e-01
4.046808433e+00  4.3639817e-01  4.36398e-01
4.067042475e+00  4.4556225e-01  4.45562e-01
4.087377688e+00  3.8876803e-01  3.88768e-01
4.107814576e+00  3.8317292e-01  3.83173e-01
4.128353649e+00  3.7611506e-01  3.76115e-01
4.148995417e+00  2.7740199e-01  2.77402e-01
4.169740394e+00  4.8348942e-02  4.83489e-02
4.190589096e+00  5.1924668e-02  5.19247e-02
4.211542042e+00  6.3456342e-02  6.34563e-02
4.232599752e+00  6.5029734e-02  6.50297e-02
4.253762751e+00  6.7706806e-02  6.77068e-02
4.275031564e+00  6.8486773e-02  6.84868e-02
4.296406722e+00  7.4206467e-02  7.42065e-02
4.317888756e+00  7.6513865e-02  7.65139e-02
4.339478200e+00  7.8519329e-02  7.85193e-02
4.361175591e+00  8.0628679e-02  8.06287e-02
4.382981469e+00  8.2452091e-02  8.24521e-02
4.404896376e+00  8.5976971e-02  8.59770e-02
4.426920858e+00  8.6782434e-02  8.67824e-02
4.449055462e+00  8.2246563e-02  8.22466e-02
4.471300739e+00  7.6412157e-02  7.64122e-02
4.493657243e+00  1.3692015e-01  1.36920e-01
4.516125529e+00  3.7420563e-01  3.74206e-01
4.538706157e+00  6.4691665e-01  6.46917e-01
4.561399688e+00  7.0503328e-01  7.05033e-01
4.584206686e+00  7.0947707e-01  7.09477e-01
4.607127720e+00  6.3801225e-01  6.38012e-01
4.630163358e+00  7.3709177e-01  7.37092e-01
4.653314175e+00  8.2090961e-01  8.20910e-01
4.676580746e+00  7.9788247e-01  7.97882e-01
4.699963650e+00  6.6435994e-01  6.64360e-01
4.723463468e+00  5.6897559e-01  5.68976e-01
4.747080785e+00  5.4811709e-01  5.48117e-01
4.770816189e+00  4.8871371e-01  4.88714e-01
4.794670270e+00  3.7487840e-01  3.74878e-01
4.818643622e+00  1.9172639e-01  1.91726e-01
4.842736840e+00  1.8522770e-01  1.85228e-01
4.866950524e+00  2.3174109e-01  2.31741e-01
4.891285276e+00  4.4881389e-01  4.48814e-01
4.915741703e+00  8.1158453e-01  8.11585e-01
4.940320411e+00  9.5597471e-01  9.55975e-01
4.965022013e+00  1.0955997e+00  1.09560e+00
4.989847123e+00  1.2421769e+00  1.24218e+00
5.014796359e+00  8.9159980e-01  8.91600e-01
5.039870341e+00  1.3171608e+00  1.31716e+00
5.065069693e+00  1.3830402e+00  1.38304e+00
5.090395041e+00  1.0355235e+00  1.03552e+00
5.115847016e+00  1.1603620e+00  1.16036e+00
5.141426251e+00  7.9653154e-01  7.96532e-01
5.167133383e+00  7.3766494e-01  7.37665e-01
5.192969049e+00  8.6684329e-01  8.66843e-01
5.218933895e+00  6.1509818e-01  6.15098e-01
5.245028564e+00  7.2916674e-01  7.29167e-01
5.271253707e+00  9.0674640e-01  9.06746e-01
5.297609976e+00  8.9917553e-01  8.99176e-01
5.324098025e+00  1.2143642e+00  1.21436e+00
5.350718516e+00  6.5323131e-01  6.53231e-01
5.377472108e+00  1.0889264e+00  1.08893e+00
5.404359469e+00  1.0306731e+00  1.03067e+00
5.431381266e+00  8.1548341e-01  8.15483e-01
5.458538172e+00  7.4057987e-01  7.40580e-01
5.485830863e+00  9.4060647e-01  9.40606e-01
5.513260018e+00  1.0276535e+00  1.02765e+00
5.540826318e+00  8.4744064e-01  8.47441e-01
5.568530449e+00  6.0541338e-01  6.05413e-01
5.596373101e+00  8.3600119e-01  8.36001e-01
5.624354967e+00  7.3763617e-01  7.37636e-01
5.652476742e+00  6.7163389e-01  6.71634e-01
5.680739126e+00  7.3645230e-01  7.36452e-01
5.709142821e+00  6.1061968e-01  6.10620e-01
5.737688535e+00  5.9887788e-01  5.98878e-01
5.766376978e+00  5.7754994e-01  5.77550e-01
5.795208863e+00  8.8022609e-01  8.80226e-01
5.824184907e+00  5.5097256e-01  5.50973e-01
5.853305832e+00  6.9634990e-01  6.96350e-01
5.882572361e+00  5.2066652e-01  5.20667e-01
5.911985223e+00  6.8808233e-01  6.88082e-01
5.941545149e+00  5.9851111e-01  5.98511e-01
5.971252874e+00  6.7248727e-01  6.72487e-01
6.001109139e+00  7.5088923e-01  7.50889e-01
6.031114685e+00  7.9963877e-01  7.99639e-01
6.061270258e+00  5.9857079e-01  5.98571e-01
6.091576609e+00  8.3378899e-01  8.33789e-01
6.122034492e+00  8.9175305e-01  8.91753e-01
6.152644665e+00  8.2143264e-01  8.21433e-01
6.183407888e+00  8.2694855e-01  8.26949e-01
6.214324928e+00  1.1243217e+00  1.12432e+00
6.245396552e+00  1.3742952e+00  1.37430e+00
6.276623535e+00  1.3314749e+00  1.33147e+00
6.308006653e+00  1.4962859e+00  1.49629e+00
6.339546686e+00  9.3052417e-01  9.30524e-01
6.371244419e+00  9.6675246e-01  9.66752e-01
6.403100641e+00  8.3362096e-01  8.33621e-01
6.435116145e+00  9.5790802e-01  9.57908e-01
6.467291725e+00  9.6324303e-01  9.63243e-01
6.499628184e+00  8.8042022e-01  8.80420e-01
6.532126325e+00  1.0589984e+00  1.05900e+00
6.564786956e+00  8.5320764e-01  8.53208e-01
6.597610891e+00  1.0518302e+00  1.05183e+00
6.630598946e+00  9.1195202e-01  9.11952e-01
6.663751940e+00  1.1237040e+00  1.12370e+00
6.697070700e+00  1.2050698e+00  1.20507e+00
6.730556054e+00  1.4594129e+00  1.45941e+00
6.764208834e+00  1.5236052e+00  1.52361e+00
6.798029878e+00  1.3445229e+00  1.34452e+00
6.832020027e+00  1.5428558e+00  1.54286e+00
6.866180128e+00  1.1748910e+00  1.17489e+00
6.900511028e+00  1.6925441e+00  1.69254e+00
6.935013583e+00  2.1961878e+00  2.19619e+00
6.969688651e+00  1.7229562e+00  1.72296e+00
7.004537095e+00  2.0295299e+00  2.02953e+00
7.039559780e+00  1.5550593e+00  1.55506e+00
7.074757579e+00  2.3682788e+00  2.36828e+00
7.110131367e+00  2.2748336e+00  2.27483e+00
7.145682024e+00  1.8865084e+00  1.88651e+00
7.181410434e+00  2.3251562e+00  2.32516e+00
7.217317486e+00  2.5584083e+00  2.55841e+00
7.253404073e+00  2.3471905e+00  2.34719e+00
7.289671094e+00  2.2585740e+00  2.25857e+00
7.326119449e+00  1.9418530e+00  1.94185e+00
7.362750046e+00  1.6670848e+00  1.66708e+00
7.399563797e+00  1.6513799e+00  1.65138e+00
7.436561616e+00  1.6502208e+00  1.65022e+00
7.473744424e+00  1.6889871e+00  1.68899e+00
7.511113146e+00  1.8840138e+00  1.88401e+00
7.548668712e+00  1.9542859e+00  1.95429e+00
7.586412055e+00  2.2644673e+00  2.26447e+00
7.624344115e+00  2.6098438e+00  2.60984e+00
7.662465836e+00  1.6883656e+00  1.68837e+00
7.700778165e+00  1.5849723e+00  1.58497e+00
7.739282056e+00  2.1468450e+00  2.14684e+00
7.777978466e+00  2.1639875e+00  2.16399e+00
7.816868359e+00  2.3452168e+00  2.34522e+00
7.855952700e+00  2.3443597e+00  2.34436e+00
7.895232464e+00  1.9990406e+00  1.99904e+00
7.934708626e+00  2.1412145e+00  2.14121e+00
7.974382169e+00  2.4344048e+00  2.43440e+00
8.014254080e+00  2.6248930e+00  2.62489e+00
8.054325351e+00  2.9558156e+00  2.95582e+00
8.094596977e+00  3.6635276e+00  3.66353e+00
8.135069962e+00  4.1579167e+00  4.15792e+00
8.175745312e+00  4.0709344e+00  4.07093e+00
8.216624039e+00  4.7667546e+00  4.76675e+00
8.257707159e+00  4.9406063e+00  4.94061e+00
8.298995695e+00  5.7723700e+00  5.77237e+00
8.340490673e+00  5.7733672e+00  5.77337e+00
8.382193126e+00  5.9313043e+00  5.93130e+00
8.424104092e+00  6.1149600e+00  6.11496e+00
8.466224613e+00  6.4522053e+00  6.45221e+00
8.508555736e+00  6.2462502e+00  6.24625e+00
8.551098514e+00  6.5767397e+00  6.57674e+00
8.593854007e+00  6.5801514e+00  6.58015e+00
8.636823277e+00  6.6920366e+00  6.69204e+00
8.680007393e+00  6.6439215e+00  6.64392e+00
8.723407430e+00  6.8405259e+00  6.84053e+00
8.767024467e+00  6.8830506e+00  6.88305e+00
8.810859590e+00  6.7386189e+00  6.73862e+00
8.854913888e+00  6.9478617e+00  6.94786e+00
8.899188457e+00  6.9476120e+00  6.94761e+00
8.943684399e+00  6.9529584e+00  6.95296e+00
8.988402821e+00  6.9624240e+00  6.96242e+00
9.033344836e+00  6.9814910e+00  6.98149e+00
9.078511560e+00  7.0097923e+00  7.00979e+00
9.123904118e+00  7.0131393e+00  7.01314e+00
9.169523638e+00  6.3343321e+00  6.33433e+00
9.215371256e+00  5.5129715e+00  5.51297e+00
9.261448113e+00  5.2084922e+00  5.20849e+00
9.307755353e+00  5.2246808e+00  5.22468e+00
9.354294130e+00  5.6435742e+00  5.64357e+00
9.401065601e+00  6.5443357e+00  6.54434e+00
9.448070929e+00  5.8672716e+00  5.86727e+00
9.495311283e+00  5.5629976e+00  5.56300e+00
9.542787840e+00  6.0511632e+00  6.05116e+00
9.590501779e+00  6.3353579e+00  6.33536e+00
9.638454288e+00  6.5052808e+00  6.50528e+00
9.686646559e+00  6.7940042e+00  6.79400e+00
9.735079792e+00  7.1009189e+00  7.10092e+00
9.783755191e+00  7.2833150e+00  7.28331e+00
9.832673967e+00  7.3107894e+00  7.31079e+00
9.881837337e+00  7.3425522e+00  7.34255e+00
9.931246523e+00  7.3708843e+00  7.37088e+00
9.980902756e+00  7.3849548e+00  7.38495e+00
1.003080727e+01  7.3985396e+00  7.39854e+00
1.008096131e+01  7.3789998e+00  7.37900e+00
1.013136611e+01  6.9712030e+00  6.97120e+00
1.018202294e+01  6.6492370e+00  6.64924e+00
1.023293306e+01  6.1758058e+00  6.17581e+00
1.028409772e+01  6.0703843e+00  6.07038e+00
1.033551821e+01  6.3227022e+00  6.32270e+00
1.038719580e+01  6.9517079e+00  6.95171e+00
1.043913178e+01  6.6042470e+00  6.60425e+00
1.049132744e+01  6.5293964e+00  6.52940e+00
1.054378408e+01  6.4494832e+00  6.44948e+00
1.059650300e+01  6.4987212e+00  6.49872e+00
1.064948551e+01  6.6378159e+00  6.63782e+00
1.070273294e+01  6.8303389e+00  6.83034e+00
1.075624661e+01  7.0456520e+00  7.04565e+00
1.081002784e+01  7.1640931e+00  7.16409e+00
1.086407798e+01  7.2639157e+00  7.26392e+00
1.091839837e+01  7.3362618e+00  7.33626e+00
1.097299036e+01  7.3578975e+00  7.35790e+00
1.102785531e+01  7.3227849e+00  7.32278e+00
1.108299459e+01  7.3533171e+00  7.35332e+00
1.113840956e+01  7.3413410e+00  7.34134e+00
1.119410161e+01  7.3437894e+00  7.34379e+00
1.125007212e+01  7.3228055e+00  7.32281e+00
1.130632248e+01  7.3105208e+00  7.31052e+00
1.136285409e+01  7.2986152e+00  7.29862e+00
1.141966836e+01  7.2783449e+00  7.27834e+00
1.147676670e+01  7.2286687e+00  7.22867e+00
1.153415054e+01  7.2377982e+00  7.23780e+00
1.159182129e+01  7.2266698e+00  7.22667e+00
1.164978039e+01  7.2263750e+00  7.22637e+00
1.170802930e+01  7.1124273e+00  7.11243e+00
1.176656944e+01  7.1017930e+00  7.10179e+00
1.182540229e+01  7.1721873e+00  7.17219e+00
1.188452930e+01  7.0923455e+00  7.09235e+00
1.194395195e+01  7.1367313e+00  7.13673e+00
1.200367171e+01  7.1044520e+00  7.10445e+00
1.206369007e+01  6.7422344e+00  6.74223e+00
1.212400852e+01  6.9140198e+00  6.91402e+00
1.218462856e+01  6.7816265e+00  6.78163e+00
1.224555170e+01  6.5855258e+00  6.58553e+00
1.230677946e+01  6.3958971e+00  6.39590e+00
1.236831336e+01  6.2041370e+00  6.20414e+00
1.243015492e+01  6.0596586e+00  6.05966e+00
1.249230570e+01  5.9791989e+00  5.97920e+00
1.255476723e+01  5.8055159e+00  5.80552e+00
1.261754106e+01  4.0895482e+00  4.08955e+00
1.268062877e+01  6.1938234e+00  6.19382e+00
1.274403191e+01  5.8044085e+00  5.80441e+00
1.280775207e+01  5.4953299e+00  5.49533e+00
1.287179083e+01  5.2443280e+00  5.24433e+00
1.293614979e+01  4.8192803e+00  4.81928e+00
1.300083054e+01  4.3445203e+00  4.34452e+00
1.306583469e+01  4.3383747e+00  4.33837e+00
1.313116386e+01  3.8690031e+00  3.86900e+00
1.319681968e+01  3.3205329e+00  3.32053e+00
1.326280378e+01  3.0510830e+00  3.05108e+00
1.332911780e+01  2.9077540e+00  2.90775e+00
1.339576339e+01  2.8339897e+00  2.83399e+00
1.346274221e+01  2.8542154e+00  2.85422e+00
1.353005592e+01  2.9035439e+00  2.90354e+00
1.359770620e+01  2.8647504e+00  2.86475e+00
1.366569473e+01  2.8598240e+00  2.85982e+00
1.373402320e+01  2.8327628e+00  2.83276e+00
1.380269332e+01  2.8291188e+00  2.82912e+00
1.387170678e+01  3.0355330e+00  3.03553e+00
1.394106532e+01  2.9174433e+00  2.91744e+00
1.401077064e+01  2.9281760e+00  2.92818e+00
1.408082450e+01  2.9629673e+00  2.96297e+00
1.415122862e+01  2.9870056e+00  2.98701e+00
1.422198476e+01  3.0163321e+00  3.01633e+00
1.429309469e+01  3.0102382e+00  3.01024e+00
1.436456016e+01  3.0194900e+00  3.01949e+00
1.443638296e+01  3.0186322e+00  3.01863e+00
1.450856487e+01  3.0044909e+00  3.00449e+00
1.458110770e+01  3.0006612e+00  3.00066e+00
1.465401324e+01  2.9875129e+00  2.98751e+00
1.472728330e+01  2.9763605e+00  2.97636e+00
1.480091972e+01  2.9660271e+00  2.96603e+00
1.487492432e+01  2.9451185e+00  2.94512e+00
1.494929894e+01  2.7288557e+00  2.72886e+00
1.502404544e+01  2.8921874e+00  2.89219e+00
1.509916566e+01  2.8580562e+00  2.85806e+00
1.517466149e+01  2.8910221e+00  2.89102e+00
1.525053480e+01  2.8765563e+00  2.87656e+00
1.532678747e+01  2.8663519e+00  2.86635e+00
1.540342141e+01  2.8066708e+00  2.80667e+00
1.548043852e+01  2.8211819e+00  2.82118e+00
1.555784071e+01  2.8083806e+00  2.80838e+00
1.563562991e+01  2.7846667e+00  2.78467e+00
1.571380806e+01  2.7697797e+00  2.76978e+00
1.579237710e+01  2.7413742e+00  2.74137e+00
1.587133899e+01  2.7140730e+00  2.71407e+00
1.595069568e+01  2.6601206e+00  2.66012e+00
1.603044916e+01  2.6230393e+00  2.62304e+00
1.611060141e+01  2.5315875e+00  2.53159e+00
1.619115441e+01  2.6475617e+00  2.64756e+00
1.627211019e+01  2.5389845e+00  2.53898e+00
1.635347074e+01  2.4765698e+00  2.47657e+00
1.643523809e+01  2.4858617e+00  2.48586e+00
1.651741428e+01  2.4355338e+00  2.43553e+00
1.660000135e+01  2.4091104e+00  2.40911e+00
1.668300136e+01  2.3920195e+00  2.39202e+00
1.676641637e+01  2.4256368e+00  2.42564e+00
1.685024845e+01  2.3574618e+00  2.35746e+00
1.693449969e+01  2.3469629e+00  2.34696e+00
1.701917219e+01  2.3605060e+00  2.36051e+00
1.710426805e+01  2.3991234e+00  2.39912e+00
1.718978939e+01  2.4931314e+00  2.49313e+00
1.727573834e+01  2.6488450e+00  2.64885e+00
1.736211703e+01  2.6779221e+00  2.67792e+00
1.744892761e+01  2.9528840e+00  2.95288e+00
1.753617225e+01  3.0024130e+00  3.00241e+00
1.762385311e+01  2.9427203e+00  2.94272e+00
1.771197238e+01  3.1680079e+00  3.16801e+00
1.780053224e+01  3.3173315e+00  3.31733e+00
1.788953490e+01  3.3994168e+00  3.39942e+00
1.797898258e+01  3.3897870e+00  3.38979e+00
1.806887749e+01  3.3736418e+00  3.37364e+00
1.815922188e+01  3.1657105e+00  3.16571e+00
1.825001799e+01  3.0254359e+00  3.02544e+00
1.834126808e+01  2.4557107e+00  2.45571e+00
1.843297442e+01  3.3084692e+00  3.30847e+00
1.852513929e+01  3.3399362e+00  3.33994e+00
1.861776499e+01  3.1244889e+00  3.12449e+00
1.871085381e+01  3.1856208e+00  3.18562e+00
1.880440808e+01  3.2343302e+00  3.23433e+00
1.889843012e+01  3.1224288e+00  3.12243e+00
1.899292227e+01  2.6586194e+00  2.65862e+00
1.908788688e+01  2.9942787e+00  2.99428e+00
1.918332632e+01  2.9520512e+00  2.95205e+00
1.927924295e+01  2.4871941e+00  2.48719e+00
1.937563916e+01  2.6081424e+00  2.60814e+00
1.947251736e+01  2.9813619e+00  2.98136e+00
1.956987994e+01  2.7792762e+00  2.77928e+00
1.966772934e+01  2.6810136e+00  2.68101e+00
1.976606799e+01  2.5281804e+00  2.52818e+00
1.986489833e+01  2.4890484e+00  2.48905e+00
1.996422282e+01  2.5509416e+00  2.55094e+00
