# WARNING | PUMAS | The aerosols require higher scattering requirements, of NMAX:1 and LMAX:3, for the selected aerosols having a max g of 0.02.
# ------------------------------------------------------------------------
# Radiance spectrum
# NASA-GSFC Planetary Spectrum Generator (PSG) (Villanueva et al. 2018, 2022)
# Synthesized on Thu Nov 30 22:52:16 2023
# Doppler velocities [km/s] (vobs,vrot+vorb,vwidth,vrfl,vstr): 0.00000,-0.00000,0.01000,0.00000,0.00000
# ------------------------------------------------------------------------
# Spectra synthesized with the Planetary and Universal Model of Atmospheric Scattering (PUMAS, Villanueva et al. 2018, 2022)
# Single scattering radiative transfer method
# ------------------------------------------------------------------------
# Spectral unit: Wavelength [um]
# Radiance unit: Spectral radiance [W/sr/m2/um]
# Wave/freq Total Mars
4.000000000e-01  2.4453237e+01  2.44532e+01
4.020000000e-01  2.4585425e+01  2.45854e+01
4.040100000e-01  2.4759466e+01  2.47595e+01
4.060300500e-01  2.4792957e+01  2.47930e+01
4.080602003e-01  2.4696380e+01  2.46964e+01
4.101005013e-01  2.4517150e+01  2.45172e+01
4.121510038e-01  2.4900829e+01  2.49008e+01
4.142117588e-01  2.4599024e+01  2.45990e+01
4.162828176e-01  2.5394561e+01  2.53946e+01
4.183642317e-01  2.5093611e+01  2.50936e+01
4.204560528e-01  2.4830028e+01  2.48300e+01
4.225583331e-01  2.4810976e+01  2.48110e+01
4.246711247e-01  2.4800873e+01  2.48009e+01
4.267944804e-01  2.5480470e+01  2.54805e+01
4.289284528e-01  2.5446291e+01  2.54463e+01
4.310730950e-01  2.5070811e+01  2.50708e+01
4.332284605e-01  2.5472240e+01  2.54722e+01
4.353946028e-01  2.4677466e+01  2.46775e+01
4.375715758e-01  2.5946044e+01  2.59460e+01
4.397594337e-01  2.4911759e+01  2.49118e+01
4.419582309e-01  2.6336626e+01  2.63366e+01
4.441680220e-01  2.5255274e+01  2.52553e+01
4.463888621e-01  2.5691402e+01  2.56914e+01
4.486208064e-01  2.4892578e+01  2.48926e+01
4.508639105e-01  2.5904727e+01  2.59047e+01
4.531182300e-01  2.5884613e+01  2.58846e+01
4.553838212e-01  2.5965311e+01  2.59653e+01
4.576607403e-01  2.5711284e+01  2.57113e+01
4.599490440e-01  2.5545719e+01  2.55457e+01
4.622487892e-01  2.5513394e+01  2.55134e+01
4.645600332e-01  2.5686899e+01  2.56869e+01
4.668828333e-01  2.6143512e+01  2.61435e+01
4.692172475e-01  2.6484620e+01  2.64846e+01
4.715633337e-01  2.6551012e+01  2.65510e+01
4.739211504e-01  2.5417488e+01  2.54175e+01
4.762907561e-01  2.5870541e+01  2.58705e+01
4.786722099e-01  2.5894872e+01  2.58949e+01
4.810655710e-01  2.5603576e+01  2.56036e+01
4.834708988e-01  2.6710009e+01  2.67100e+01
4.858882533e-01  2.6566524e+01  2.65665e+01
4.883176946e-01  2.5587713e+01  2.55877e+01
4.907592831e-01  2.6232914e+01  2.62329e+01
4.932130795e-01  2.6218354e+01  2.62184e+01
4.956791449e-01  2.5503941e+01  2.55039e+01
4.981575406e-01  2.6789108e+01  2.67891e+01
5.006483283e-01  2.7041309e+01  2.70413e+01
5.031515699e-01  2.5584418e+01  2.55844e+01
5.056673278e-01  2.5018245e+01  2.50182e+01
5.081956644e-01  2.5762723e+01  2.57627e+01
5.107366428e-01  2.5294395e+01  2.52944e+01
5.132903260e-01  2.5861470e+01  2.58615e+01
5.158567776e-01  2.6601254e+01  2.66013e+01
5.184360615e-01  2.6115249e+01  2.61152e+01
5.210282418e-01  2.6027333e+01  2.60273e+01
5.236333830e-01  2.5785699e+01  2.57857e+01
5.262515499e-01  2.4430899e+01  2.44309e+01
5.288828077e-01  2.4791292e+01  2.47913e+01
5.315272217e-01  2.4496807e+01  2.44968e+01
5.341848578e-01  2.4919616e+01  2.49196e+01
5.368557821e-01  2.5597458e+01  2.55975e+01
5.395400610e-01  2.5059985e+01  2.50600e+01
5.422377613e-01  2.4417269e+01  2.44173e+01
5.449489501e-01  2.4039846e+01  2.40398e+01
5.476736949e-01  2.4042554e+01  2.40426e+01
5.504120634e-01  2.4165282e+01  2.41653e+01
5.531641237e-01  2.4126734e+01  2.41267e+01
5.559299443e-01  2.4529683e+01  2.45297e+01
5.587095940e-01  2.4352553e+01  2.43526e+01
5.615031420e-01  2.3647128e+01  2.36471e+01
5.643106577e-01  2.2413745e+01  2.24137e+01
5.671322110e-01  2.2871082e+01  2.28711e+01
5.699678720e-01  2.2267858e+01  2.22679e+01
5.728177114e-01  2.2087532e+01  2.20875e+01
5.756818000e-01  2.2894306e+01  2.28943e+01
5.785602090e-01  2.2961124e+01  2.29611e+01
5.814530100e-01  2.3310743e+01  2.33107e+01
5.843602750e-01  2.3333512e+01  2.33335e+01
5.872820764e-01  2.3334850e+01  2.33348e+01
5.902184868e-01  2.3017156e+01  2.30172e+01
5.931695792e-01  2.2508031e+01  2.25080e+01
5.961354271e-01  2.2811317e+01  2.28113e+01
5.991161043e-01  2.2201473e+01  2.22015e+01
6.021116848e-01  2.2067876e+01  2.20679e+01
6.051222432e-01  2.2688030e+01  2.26880e+01
6.081478544e-01  2.3025781e+01  2.30258e+01
6.111885937e-01  2.3199353e+01  2.31994e+01
6.142445367e-01  2.3560146e+01  2.35601e+01
6.173157594e-01  2.3992095e+01  2.39921e+01
6.204023382e-01  2.4529355e+01  2.45294e+01
6.235043498e-01  2.4989980e+01  2.49900e+01
6.266218716e-01  2.5419793e+01  2.54198e+01
6.297549810e-01  2.5966129e+01  2.59661e+01
6.329037559e-01  2.6301811e+01  2.63018e+01
6.360682746e-01  2.6701036e+01  2.67010e+01
6.392486160e-01  2.7144967e+01  2.71450e+01
6.424448591e-01  2.7426775e+01  2.74268e+01
6.456570834e-01  2.7746842e+01  2.77468e+01
6.488853688e-01  2.8101907e+01  2.81019e+01
6.521297956e-01  2.8657427e+01  2.86574e+01
6.553904446e-01  2.9114896e+01  2.91149e+01
6.586673968e-01  2.9634053e+01  2.96341e+01
6.619607338e-01  3.0103439e+01  3.01034e+01
6.652705375e-01  3.0406658e+01  3.04067e+01
6.685968902e-01  3.0598651e+01  3.05987e+01
6.719398746e-01  3.0966463e+01  3.09665e+01
6.752995740e-01  3.1254437e+01  3.12544e+01
6.786760719e-01  3.1675083e+01  3.16751e+01
6.820694522e-01  3.1987475e+01  3.19875e+01
6.854797995e-01  3.2146932e+01  3.21469e+01
6.889071985e-01  3.2323912e+01  3.23239e+01
6.923517345e-01  3.2522005e+01  3.25220e+01
6.958134932e-01  3.2511878e+01  3.25119e+01
6.992925606e-01  3.2865973e+01  3.28660e+01
7.027890234e-01  3.3022228e+01  3.30222e+01
7.063029686e-01  3.3167216e+01  3.31672e+01
7.098344834e-01  3.3367115e+01  3.33671e+01
7.133836558e-01  3.3362254e+01  3.33623e+01
7.169505741e-01  3.1947257e+01  3.19473e+01
7.205353270e-01  3.1465837e+01  3.14658e+01
7.241380036e-01  3.1511996e+01  3.15120e+01
7.277586936e-01  3.1864470e+01  3.18645e+01
7.313974871e-01  3.2703953e+01  3.27040e+01
7.350544745e-01  3.3585400e+01  3.35854e+01
7.387297469e-01  3.3711197e+01  3.37112e+01
7.424233956e-01  3.3785361e+01  3.37854e+01
7.461355126e-01  3.3559656e+01  3.35597e+01
7.498661902e-01  3.3611513e+01  3.36115e+01
7.536155211e-01  3.3751959e+01  3.37520e+01
7.573835987e-01  3.3777651e+01  3.37777e+01
7.611705167e-01  3.1097231e+01  3.10972e+01
7.649763693e-01  3.2680378e+01  3.26804e+01
7.688012511e-01  3.3611200e+01  3.36112e+01
7.726452574e-01  3.3448594e+01  3.34486e+01
7.765084837e-01  3.3141890e+01  3.31419e+01
7.803910261e-01  3.2898916e+01  3.28989e+01
7.842929812e-01  3.2540897e+01  3.25409e+01
7.882144461e-01  3.2423754e+01  3.24238e+01
7.921555184e-01  3.2521499e+01  3.25215e+01
7.961162960e-01  3.2486585e+01  3.24866e+01
8.000968774e-01  3.2285422e+01  3.22854e+01
8.040973618e-01  3.2277932e+01  3.22779e+01
8.081178486e-01  3.2120541e+01  3.21205e+01
8.121584379e-01  3.0889569e+01  3.08896e+01
8.162192301e-01  2.8125458e+01  2.81255e+01
8.203003262e-01  2.9535987e+01  2.95360e+01
8.244018279e-01  2.9387204e+01  2.93872e+01
8.285238370e-01  2.9309217e+01  2.93092e+01
8.326664562e-01  3.0115730e+01  3.01157e+01
8.368297885e-01  3.0868537e+01  3.08685e+01
8.410139374e-01  3.0879061e+01  3.08791e+01
8.452190071e-01  3.0799877e+01  3.07999e+01
8.494451021e-01  3.0504762e+01  3.05048e+01
8.536923276e-01  3.0195191e+01  3.01952e+01
8.579607893e-01  3.0107149e+01  3.01071e+01
8.622505932e-01  3.0040272e+01  3.00403e+01
8.665618462e-01  2.9652408e+01  2.96524e+01
8.708946554e-01  2.8584543e+01  2.85845e+01
8.752491287e-01  2.9483106e+01  2.94831e+01
8.796253743e-01  2.9324527e+01  2.93245e+01
8.840235012e-01  2.9063174e+01  2.90632e+01
8.884436187e-01  2.8768478e+01  2.87685e+01
8.928858368e-01  2.8044240e+01  2.80442e+01
8.973502660e-01  2.3988101e+01  2.39881e+01
9.018370173e-01  2.4294578e+01  2.42946e+01
9.063462024e-01  2.4476549e+01  2.44765e+01
9.108779334e-01  2.3873922e+01  2.38739e+01
9.154323231e-01  2.4171109e+01  2.41711e+01
9.200094847e-01  2.4994914e+01  2.49949e+01
9.246095321e-01  2.5093377e+01  2.50934e+01
9.292325798e-01  2.1147403e+01  2.11474e+01
9.338787427e-01  1.2559865e+01  1.25599e+01
9.385481364e-01  1.5457032e+01  1.54570e+01
9.432408771e-01  1.5548999e+01  1.55490e+01
9.479570815e-01  1.5805655e+01  1.58057e+01
9.526968669e-01  1.6535175e+01  1.65352e+01
9.574603512e-01  1.8079245e+01  1.80792e+01
9.622476530e-01  1.9232061e+01  1.92321e+01
9.670588912e-01  2.1060537e+01  2.10605e+01
9.718941857e-01  2.2274822e+01  2.22748e+01
9.767536566e-01  2.1883425e+01  2.18834e+01
9.816374249e-01  2.2836128e+01  2.28361e+01
9.865456120e-01  2.3727888e+01  2.37279e+01
9.914783401e-01  2.3656964e+01  2.36570e+01
9.964357318e-01  2.3563729e+01  2.35637e+01
1.001417910e+00  2.3309734e+01  2.33097e+01
1.006425000e+00  2.3101376e+01  2.31014e+01
1.011457125e+00  2.2859137e+01  2.28591e+01
1.016514411e+00  2.2671631e+01  2.26716e+01
1.021596983e+00  2.2425329e+01  2.24253e+01
1.026704968e+00  2.2228413e+01  2.22284e+01
1.031838492e+00  2.2019879e+01  2.20199e+01
1.036997685e+00  1.8097507e+01  1.80975e+01
1.042182673e+00  2.0257486e+01  2.02575e+01
1.047393587e+00  1.9870333e+01  1.98703e+01
1.052630555e+00  1.5070568e+01  1.50706e+01
1.057893707e+00  2.0512738e+01  2.05127e+01
1.063183176e+00  1.8976096e+01  1.89761e+01
1.068499092e+00  1.9527665e+01  1.95277e+01
1.073841587e+00  1.9947982e+01  1.99480e+01
1.079210795e+00  1.9717016e+01  1.97170e+01
1.084606849e+00  1.9307916e+01  1.93079e+01
1.090029883e+00  1.9018131e+01  1.90181e+01
1.095480033e+00  1.8312785e+01  1.83128e+01
1.100957433e+00  1.7189772e+01  1.71898e+01
1.106462220e+00  1.6416340e+01  1.64163e+01
1.111994531e+00  1.3965103e+01  1.39651e+01
1.117554504e+00  8.6262958e+00  8.62630e+00
1.123142276e+00  7.4927860e+00  7.49279e+00
1.128757988e+00  6.6725844e+00  6.67258e+00
1.134401778e+00  5.8776512e+00  5.87765e+00
1.140073787e+00  1.0750608e+01  1.07506e+01
1.145774156e+00  6.7155940e+00  6.71559e+00
1.151503026e+00  9.5965317e+00  9.59653e+00
1.157260541e+00  1.2309961e+01  1.23100e+01
1.163046844e+00  1.4271465e+01  1.42715e+01
1.168862078e+00  1.5144769e+01  1.51448e+01
1.174706389e+00  1.4411238e+01  1.44112e+01
1.180579921e+00  1.4057207e+01  1.40572e+01
1.186482820e+00  1.3902093e+01  1.39021e+01
1.192415234e+00  1.4484915e+01  1.44849e+01
1.198377311e+00  1.4140501e+01  1.41405e+01
1.204369197e+00  3.5953943e+00  3.59539e+00
1.210391043e+00  4.7874346e+00  4.78743e+00
1.216442998e+00  9.3143826e+00  9.31438e+00
1.222525213e+00  2.4259005e+00  2.42590e+00
1.228637839e+00  9.2517273e+00  9.25173e+00
1.234781029e+00  1.0847716e+01  1.08477e+01
1.240954934e+00  1.3217106e+01  1.32171e+01
1.247159708e+00  1.3968204e+01  1.39682e+01
1.253395507e+00  1.3077125e+01  1.30771e+01
1.259662485e+00  1.3029388e+01  1.30294e+01
1.265960797e+00  1.2771538e+01  1.27715e+01
1.272290601e+00  1.3314820e+01  1.33148e+01
1.278652054e+00  1.3143785e+01  1.31438e+01
1.285045314e+00  1.2682107e+01  1.26821e+01
1.291470541e+00  8.0864462e+00  8.08645e+00
1.297927893e+00  1.0419807e+01  1.04198e+01
1.304417533e+00  1.1543732e+01  1.15437e+01
1.310939621e+00  9.7409978e+00  9.74100e+00
1.317494319e+00  3.8165484e+00  3.81655e+00
1.324081790e+00  8.7113527e+00  8.71135e+00
1.330702199e+00  7.4661888e+00  7.46619e+00
1.337355710e+00  5.5542053e+00  5.55421e+00
1.344042489e+00  4.6894159e+00  4.68942e+00
1.350762701e+00  1.6411587e+00  1.64116e+00
1.357516515e+00  4.2901612e-01  4.29016e-01
1.364304097e+00  3.5483392e-01  3.54834e-01
1.371125618e+00  3.5552786e-01  3.55528e-01
1.377981246e+00  4.0160702e-01  4.01607e-01
1.384871152e+00  3.6558714e-01  3.65587e-01
1.391795508e+00  4.1981669e-01  4.19817e-01
1.398754485e+00  4.2604213e-01  4.26042e-01
1.405748258e+00  5.4964870e-01  5.49649e-01
1.412776999e+00  9.9799153e-01  9.97992e-01
1.419840884e+00  1.4021678e+00  1.40217e+00
1.426940089e+00  1.8640275e+00  1.86403e+00
1.434074789e+00  9.7496975e-03  9.74970e-03
1.441245163e+00  2.9349785e-02  2.93498e-02
1.448451389e+00  8.6136986e-01  8.61370e-01
1.455693646e+00  4.1798317e+00  4.17983e+00
1.462972114e+00  4.2599709e+00  4.25997e+00
1.470286975e+00  2.4643272e+00  2.46433e+00
1.477638409e+00  1.9342237e+00  1.93422e+00
1.485026601e+00  4.1691348e+00  4.16913e+00
1.492451734e+00  5.0737748e+00  5.07377e+00
1.499913993e+00  5.7489974e+00  5.74900e+00
1.507413563e+00  7.2505432e+00  7.25054e+00
1.514950631e+00  7.7092818e+00  7.70928e+00
1.522525384e+00  6.7567816e+00  6.75678e+00
1.530138011e+00  1.6348676e+00  1.63487e+00
1.537788701e+00  4.8793986e-01  4.87940e-01
1.545477645e+00  4.4429554e+00  4.44296e+00
1.553205033e+00  7.2825916e+00  7.28259e+00
1.560971058e+00  3.2657530e+00  3.26575e+00
1.568775913e+00  2.5715253e-01  2.57153e-01
1.576619793e+00  1.0384267e-02  1.03843e-02
1.584502892e+00  9.9047361e-01  9.90474e-01
1.592425406e+00  3.8678709e+00  3.86787e+00
1.600387533e+00  2.3625038e-01  2.36250e-01
1.608389471e+00  1.9378846e-02  1.93788e-02
1.616431418e+00  7.0074751e-01  7.00748e-01
1.624513575e+00  3.6300674e+00  3.63007e+00
1.632636143e+00  2.5157215e+00  2.51572e+00
1.640799324e+00  4.6456677e-01  4.64567e-01
1.649003321e+00  6.3519583e-01  6.35196e-01
1.657248337e+00  3.4935389e+00  3.49354e+00
1.665534579e+00  4.0813011e+00  4.08130e+00
1.673862252e+00  4.9028925e+00  4.90289e+00
1.682231563e+00  5.3666247e+00  5.36662e+00
1.690642721e+00  5.8214602e+00  5.82146e+00
1.699095934e+00  5.5864745e+00  5.58647e+00
1.707591414e+00  5.0600995e+00  5.06010e+00
1.716129371e+00  5.3583917e+00  5.35839e+00
1.724710018e+00  5.3695461e+00  5.36955e+00
1.733333568e+00  5.1872471e+00  5.18725e+00
1.742000236e+00  5.0444333e+00  5.04443e+00
1.750710237e+00  4.7959703e+00  4.79597e+00
1.759463788e+00  4.5432556e+00  4.54326e+00
1.768261107e+00  4.4482479e+00  4.44825e+00
1.777102413e+00  3.7566099e+00  3.75661e+00
1.785987925e+00  3.4128522e+00  3.41285e+00
1.794917864e+00  2.7160058e+00  2.71601e+00
1.803892454e+00  1.2999560e+00  1.29996e+00
1.812911916e+00  6.0355290e-01  6.03553e-01
1.821976476e+00  3.8668737e-01  3.86687e-01
1.831086358e+00  6.6696384e-02  6.66964e-02
1.840241790e+00  4.6886215e-02  4.68862e-02
1.849442999e+00  4.7584917e-02  4.75849e-02
1.858690214e+00  4.4402725e-02  4.44027e-02
1.867983665e+00  4.5181512e-02  4.51815e-02
1.877323583e+00  1.3859928e-02  1.38599e-02
1.886710201e+00  3.4020536e-02  3.40205e-02
1.896143752e+00  6.0101492e-02  6.01015e-02
1.905624471e+00  4.4285005e-02  4.42850e-02
1.915152593e+00  7.6229266e-02  7.62293e-02
1.924728356e+00  2.1301763e-01  2.13018e-01
1.934351998e+00  3.6393805e-01  3.63938e-01
1.944023758e+00  6.5698999e-02  6.56990e-02
1.953743877e+00  2.0336189e-04  2.03362e-04
1.963512596e+00  6.7889982e-05  6.78900e-05
1.973330159e+00  8.1112381e-04  8.11124e-04
1.983196810e+00  5.1440539e-02  5.14405e-02
1.993112794e+00  5.5245039e-03  5.52450e-03
2.003078358e+00  4.8053777e-05  4.80538e-05
2.013093750e+00  2.1822015e-05  2.18220e-05
2.023159218e+00  3.1503736e-04  3.15037e-04
2.033275015e+00  6.9003546e-04  6.90035e-04
2.043441390e+00  4.1512447e-04  4.15124e-04
2.053658597e+00  8.4017685e-05  8.40177e-05
2.063926890e+00  6.7128153e-05  6.71282e-05
2.074246524e+00  4.4425094e-04  4.44251e-04
2.084617757e+00  8.7873575e-04  8.78736e-04
2.095040845e+00  3.0124748e-03  3.01247e-03
2.105516050e+00  1.1788905e-01  1.17889e-01
2.116043630e+00  3.9922083e-01  3.99221e-01
2.126623848e+00  1.3445302e+00  1.34453e+00
2.137256967e+00  1.6153107e+00  1.61531e+00
2.147943252e+00  3.6829496e-01  3.68295e-01
2.158682968e+00  2.3288429e-01  2.32884e-01
2.169476383e+00  6.0218398e-01  6.02184e-01
2.180323765e+00  1.7643017e+00  1.76430e+00
2.191225384e+00  1.9005210e+00  1.90052e+00
2.202181511e+00  2.1913469e+00  2.19135e+00
2.213192418e+00  2.1930128e+00  2.19301e+00
2.224258381e+00  2.2731001e+00  2.27310e+00
2.235379672e+00  2.3653013e+00  2.36530e+00
2.246556571e+00  2.3212892e+00  2.32129e+00
2.257789354e+00  2.2331178e+00  2.23312e+00
2.269078300e+00  2.2716240e+00  2.27162e+00
2.280423692e+00  2.2449997e+00  2.24500e+00
2.291825810e+00  2.1842215e+00  2.18422e+00
2.303284939e+00  9.7739550e-01  9.77395e-01
2.314801364e+00  2.1389205e-02  2.13892e-02
2.326375371e+00  4.4134011e-05  4.41340e-05
2.338007248e+00  3.2122254e-05  3.21223e-05
2.349697284e+00  8.6411667e-05  8.64117e-05
2.361445770e+00  4.3814752e-05  4.38148e-05
2.373252999e+00  8.7578593e-05  8.75786e-05
2.385119264e+00  1.9792937e-04  1.97929e-04
2.397044861e+00  1.0065161e-02  1.00652e-02
2.409030085e+00  2.9704525e-02  2.97045e-02
2.421075235e+00  9.0033360e-02  9.00334e-02
2.433180612e+00  3.7786468e-01  3.77865e-01
2.445346515e+00  6.8660332e-01  6.86603e-01
2.457573247e+00  1.1394788e+00  1.13948e+00
2.469861113e+00  8.6615682e-01  8.66157e-01
2.482210419e+00  4.5024146e-01  4.50241e-01
2.494621471e+00  3.1263936e-01  3.12639e-01
2.507094578e+00  2.7263819e-01  2.72638e-01
2.519630051e+00  1.0261517e-01  1.02615e-01
2.532228202e+00  1.0978714e-02  1.09787e-02
2.544889343e+00  5.2077358e-03  5.20774e-03
2.557613789e+00  4.0343089e-03  4.03431e-03
2.570401858e+00  3.5117338e-03  3.51173e-03
2.583253867e+00  2.7992307e-03  2.79923e-03
2.596170137e+00  2.6479725e-03  2.64797e-03
2.609150988e+00  2.3968607e-03  2.39686e-03
2.622196742e+00  2.5652969e-03  2.56530e-03
2.635307726e+00  2.7382555e-03  2.73826e-03
2.648484265e+00  2.4695019e-03  2.46950e-03
2.661726686e+00  1.3784454e-04  1.37845e-04
2.675035320e+00  6.4912944e-07  6.49129e-07
2.688410496e+00  1.2948074e-07  1.29481e-07
2.701852549e+00  1.3080501e-07  1.30805e-07
2.715361811e+00  8.8758266e-07  8.87583e-07
2.728938620e+00  3.1942891e-06  3.19429e-06
2.742583314e+00  1.1479158e-06  1.14792e-06
2.756296230e+00  1.9433734e-07  1.94337e-07
2.770077711e+00  2.1546621e-07  2.15466e-07
2.783928100e+00  2.8759344e-07  2.87593e-07
2.797847740e+00  1.0736917e-06  1.07369e-06
2.811836979e+00  2.4886086e-06  2.48861e-06
2.825896164e+00  4.6054746e-06  4.60547e-06
2.840025645e+00  7.2218000e-06  7.22180e-06
2.854225773e+00  2.0680476e-05  2.06805e-05
2.868496902e+00  6.6551342e-05  6.65513e-05
2.882839386e+00  3.4882052e-03  3.48821e-03
2.897253583e+00  6.1232707e-02  6.12327e-02
2.911739851e+00  1.5439816e-01  1.54398e-01
2.926298550e+00  2.8904903e-01  2.89049e-01
2.940930043e+00  2.4323307e-01  2.43233e-01
2.955634693e+00  2.4415411e-01  2.44154e-01
2.970412867e+00  2.3532019e-02  2.35320e-02
2.985264931e+00  1.0629058e-02  1.06291e-02
3.000191256e+00  2.0481236e-01  2.04812e-01
3.015192212e+00  3.7131249e-02  3.71312e-02
3.030268173e+00  1.7277826e-01  1.72778e-01
3.045419514e+00  1.7156623e-01  1.71566e-01
3.060646612e+00  1.9490285e-01  1.94903e-01
3.075949845e+00  2.7954552e-01  2.79546e-01
3.091329594e+00  1.2497263e-01  1.24973e-01
3.106786242e+00  1.1160538e-01  1.11605e-01
3.122320173e+00  1.3456035e-01  1.34560e-01
3.137931774e+00  2.6964314e-01  2.69643e-01
3.153621433e+00  2.5816629e-01  2.58166e-01
3.169389540e+00  3.2291769e-01  3.22918e-01
3.185236488e+00  3.5214740e-01  3.52147e-01
3.201162670e+00  1.0419862e-01  1.04199e-01
3.217168483e+00  1.1484370e-01  1.14844e-01
3.233254326e+00  2.6177201e-01  2.61772e-01
3.249420598e+00  3.4944063e-01  3.49441e-01
3.265667701e+00  2.0352334e-01  2.03523e-01
3.281996039e+00  3.5542343e-01  3.55423e-01
3.298406019e+00  1.7411280e-01  1.74113e-01
3.314898049e+00  2.3074046e-01  2.30740e-01
3.331472540e+00  4.2361102e-01  4.23611e-01
3.348129902e+00  3.6671354e-01  3.66714e-01
3.364870552e+00  4.2457313e-01  4.24573e-01
3.381694905e+00  5.1340903e-01  5.13409e-01
3.398603379e+00  5.8168608e-01  5.81686e-01
3.415596396e+00  5.5995042e-01  5.59950e-01
3.432674378e+00  5.3473391e-01  5.34734e-01
3.449837750e+00  5.3398718e-01  5.33987e-01
3.467086939e+00  5.6779439e-01  5.67794e-01
3.484422373e+00  5.9029569e-01  5.90296e-01
3.501844485e+00  5.9681017e-01  5.96810e-01
3.519353708e+00  5.8051576e-01  5.80516e-01
3.536950476e+00  5.6141571e-01  5.61416e-01
3.554635228e+00  5.4358645e-01  5.43586e-01
3.572408405e+00  4.7762605e-01  4.77626e-01
3.590270447e+00  3.9648241e-01  3.96482e-01
3.608221799e+00  2.4328254e-01  2.43283e-01
3.626262908e+00  3.3920501e-01  3.39205e-01
3.644394222e+00  2.7903349e-01  2.79033e-01
3.662616193e+00  4.9254079e-01  4.92541e-01
3.680929274e+00  5.0012748e-01  5.00127e-01
3.699333921e+00  5.6368504e-01  5.63685e-01
3.717830590e+00  5.1059204e-01  5.10592e-01
3.736419743e+00  4.8404727e-01  4.84047e-01
3.755101842e+00  4.0859134e-01  4.08591e-01
3.773877351e+00  3.0575437e-01  3.05754e-01
3.792746738e+00  9.1747455e-02  9.17475e-02
3.811710472e+00  2.0282518e-02  2.02825e-02
3.830769024e+00  5.8472985e-02  5.84730e-02
3.849922869e+00  4.0431770e-02  4.04318e-02
3.869172484e+00  1.7172751e-01  1.71728e-01
3.888518346e+00  1.9559810e-01  1.95598e-01
3.907960938e+00  1.5325144e-01  1.53251e-01
3.927500742e+00  1.0145073e-01  1.01451e-01
3.947138246e+00  5.3012587e-02  5.30126e-02
3.966873937e+00  1.6889923e-02  1.68899e-02
3.986708307e+00  6.1433483e-03  6.14335e-03
4.006641849e+00  3.7088397e-03  3.70884e-03
4.026675058e+00  1.6663530e-03  1.66635e-03
4.046808433e+00  1.0163577e-03  1.01636e-03
4.067042475e+00  4.7779171e-04  4.77792e-04
4.087377688e+00  3.2442307e-04  3.24423e-04
4.107814576e+00  3.0958608e-04  3.09586e-04
4.128353649e+00  3.2434023e-04  3.24340e-04
4.148995417e+00  3.4589765e-04  3.45898e-04
4.169740394e+00  3.6875881e-04  3.68759e-04
4.190589096e+00  3.9547062e-04  3.95471e-04
4.211542042e+00  4.2452243e-04  4.24522e-04
4.232599752e+00  4.5550374e-04  4.55504e-04
4.253762751e+00  4.8851455e-04  4.88515e-04
4.275031564e+00  5.2367034e-04  5.23670e-04
4.296406722e+00  5.6109247e-04  5.61092e-04
4.317888756e+00  6.0090808e-04  6.00908e-04
4.339478200e+00  6.4325004e-04  6.43250e-04
4.361175591e+00  6.8825641e-04  6.88256e-04
4.382981469e+00  7.3607393e-04  7.36074e-04
4.404896376e+00  7.8685058e-04  7.86851e-04
4.426920858e+00  8.4075047e-04  8.40750e-04
4.449055462e+00  8.9796192e-04  8.97962e-04
4.471300739e+00  9.5883263e-04  9.58833e-04
4.493657243e+00  1.0245520e-03  1.02455e-03
4.516125529e+00  1.0910458e-03  1.09105e-03
4.538706157e+00  1.1630613e-03  1.16306e-03
4.561399688e+00  1.2393773e-03  1.23938e-03
4.584206686e+00  1.3201308e-03  1.32013e-03
4.607127720e+00  1.4055326e-03  1.40553e-03
4.630163358e+00  1.4958083e-03  1.49581e-03
4.653314175e+00  1.5911938e-03  1.59119e-03
4.676580746e+00  1.6919293e-03  1.69193e-03
4.699963650e+00  1.7982674e-03  1.79827e-03
4.723463468e+00  1.9104745e-03  1.91047e-03
4.747080785e+00  2.0288213e-03  2.02882e-03
4.770816189e+00  2.1535887e-03  2.15359e-03
4.794670270e+00  2.2850680e-03  2.28507e-03
4.818643622e+00  2.4235665e-03  2.42357e-03
4.842736840e+00  2.5693807e-03  2.56938e-03
4.866950524e+00  2.7228747e-03  2.72287e-03
4.891285276e+00  2.8844410e-03  2.88444e-03
4.915741703e+00  3.0636381e-03  3.06364e-03
4.940320411e+00  3.5663129e-03  3.56631e-03
4.965022013e+00  1.9221919e-02  1.92219e-02
4.989847123e+00  1.2815746e-01  1.28157e-01
5.014796359e+00  3.1838337e-01  3.18383e-01
5.039870341e+00  6.1814396e-01  6.18144e-01
5.065069693e+00  7.5497975e-01  7.54980e-01
5.090395041e+00  3.5998392e-01  3.59984e-01
5.115847016e+00  2.6378625e-01  2.63786e-01
5.141426251e+00  3.5597686e-01  3.55977e-01
5.167133383e+00  2.9832476e-02  2.98325e-02
5.192969049e+00  6.0973511e-03  6.09735e-03
5.218933895e+00  5.9306403e-03  5.93064e-03
5.245028564e+00  1.1615587e-02  1.16156e-02
5.271253707e+00  1.2896565e-01  1.28966e-01
5.297609976e+00  2.8193500e-01  2.81935e-01
5.324098025e+00  5.1159749e-01  5.11597e-01
5.350718516e+00  3.8111068e-01  3.81111e-01
5.377472108e+00  6.6529098e-01  6.65291e-01
5.404359469e+00  6.7364564e-01  6.73646e-01
5.431381266e+00  4.9267175e-01  4.92672e-01
5.458538172e+00  4.4550074e-01  4.45501e-01
5.485830863e+00  6.0045341e-01  6.00453e-01
5.513260018e+00  6.4088424e-01  6.40884e-01
5.540826318e+00  4.9949253e-01  4.99493e-01
5.568530449e+00  3.9677163e-01  3.96772e-01
5.596373101e+00  4.8408687e-01  4.84087e-01
5.624354967e+00  4.3811262e-01  4.38113e-01
5.652476742e+00  4.5555056e-01  4.55551e-01
5.680739126e+00  4.5628814e-01  4.56288e-01
5.709142821e+00  4.7334709e-01  4.73347e-01
5.737688535e+00  4.3112623e-01  4.31126e-01
5.766376978e+00  4.5478237e-01  4.54782e-01
5.795208863e+00  4.7807259e-01  4.78073e-01
5.824184907e+00  5.0466542e-01  5.04665e-01
5.853305832e+00  4.8462384e-01  4.84624e-01
5.882572361e+00  5.6451177e-01  5.64512e-01
5.911985223e+00  5.2806113e-01  5.28061e-01
5.941545149e+00  5.8061855e-01  5.80619e-01
5.971252874e+00  5.8444372e-01  5.84444e-01
6.001109139e+00  5.8669758e-01  5.86698e-01
6.031114685e+00  5.8220575e-01  5.82206e-01
6.061270258e+00  6.6695869e-01  6.66959e-01
6.091576609e+00  5.4694239e-01  5.46942e-01
6.122034492e+00  3.6031574e-01  3.60316e-01
6.152644665e+00  2.8111201e-01  2.81112e-01
6.183407888e+00  4.5540973e-01  4.55410e-01
6.214324928e+00  3.8057736e-01  3.80577e-01
6.245396552e+00  4.3979255e-01  4.39793e-01
6.276623535e+00  5.6803518e-01  5.68035e-01
6.308006653e+00  7.5214092e-01  7.52141e-01
6.339546686e+00  7.5351936e-01  7.53519e-01
6.371244419e+00  7.6946103e-01  7.69461e-01
6.403100641e+00  8.4352511e-01  8.43525e-01
6.435116145e+00  8.2047360e-01  8.20474e-01
6.467291725e+00  8.6584158e-01  8.65842e-01
6.499628184e+00  8.8501778e-01  8.85018e-01
6.532126325e+00  8.7926605e-01  8.79266e-01
6.564786956e+00  9.9955773e-01  9.99558e-01
6.597610891e+00  9.3220119e-01  9.32201e-01
6.630598946e+00  1.0201515e+00  1.02015e+00
6.663751940e+00  9.4465587e-01  9.44656e-01
6.697070700e+00  9.8750169e-01  9.87502e-01
6.730556054e+00  1.0089079e+00  1.00891e+00
6.764208834e+00  1.0454371e+00  1.04544e+00
6.798029878e+00  1.0450937e+00  1.04509e+00
6.832020027e+00  1.0347730e+00  1.03477e+00
6.866180128e+00  1.1342484e+00  1.13425e+00
6.900511028e+00  1.1301789e+00  1.13018e+00
6.935013583e+00  1.3751410e+00  1.37514e+00
6.969688651e+00  1.1536221e+00  1.15362e+00
7.004537095e+00  1.2831649e+00  1.28316e+00
7.039559780e+00  1.1668104e+00  1.16681e+00
7.074757579e+00  1.4109989e+00  1.41100e+00
7.110131367e+00  1.2728000e+00  1.27280e+00
7.145682024e+00  1.0022365e+00  1.00224e+00
7.181410434e+00  7.4087525e-01  7.40875e-01
7.217317486e+00  4.1816457e-01  4.18165e-01
7.253404073e+00  2.4301941e-01  2.43019e-01
7.289671094e+00  2.8197461e-01  2.81975e-01
7.326119449e+00  7.4140571e-01  7.41406e-01
7.362750046e+00  2.8451913e-01  2.84519e-01
7.399563797e+00  4.0930856e-01  4.09309e-01
7.436561616e+00  1.1847528e+00  1.18475e+00
7.473744424e+00  1.5933141e+00  1.59331e+00
7.511113146e+00  3.3181269e+00  3.31813e+00
7.548668712e+00  3.8137327e+00  3.81373e+00
7.586412055e+00  2.2074095e+00  2.20741e+00
7.624344115e+00  3.2021256e+00  3.20213e+00
7.662465836e+00  4.2901662e+00  4.29017e+00
7.700778165e+00  4.0737682e+00  4.07377e+00
7.739282056e+00  2.9104077e+00  2.91041e+00
7.777978466e+00  1.7449742e+00  1.74497e+00
7.816868359e+00  8.8357150e-01  8.83571e-01
7.855952700e+00  4.8731415e-01  4.87314e-01
7.895232464e+00  4.6438319e-01  4.64383e-01
7.934708626e+00  1.6419262e+00  1.64193e+00
7.974382169e+00  7.0544746e-01  7.05447e-01
8.014254080e+00  5.4789106e-01  5.47891e-01
8.054325351e+00  1.1786011e+00  1.17860e+00
8.094596977e+00  2.5142317e+00  2.51423e+00
8.135069962e+00  4.2772420e+00  4.27724e+00
8.175745312e+00  5.1693507e+00  5.16935e+00
8.216624039e+00  5.8245438e+00  5.82454e+00
8.257707159e+00  5.5856437e+00  5.58564e+00
8.298995695e+00  6.3741771e+00  6.37418e+00
8.340490673e+00  6.1420910e+00  6.14209e+00
8.382193126e+00  6.4415272e+00  6.44153e+00
8.424104092e+00  6.0164382e+00  6.01644e+00
8.466224613e+00  6.4652011e+00  6.46520e+00
8.508555736e+00  5.9581447e+00  5.95814e+00
8.551098514e+00  6.3797665e+00  6.37977e+00
8.593854007e+00  6.2780000e+00  6.27800e+00
8.636823277e+00  6.3074768e+00  6.30748e+00
8.680007393e+00  6.1418509e+00  6.14185e+00
8.723407430e+00  6.1764458e+00  6.17645e+00
8.767024467e+00  6.1486530e+00  6.14865e+00
8.810859590e+00  5.7427725e+00  5.74277e+00
8.854913888e+00  5.6881217e+00  5.68812e+00
8.899188457e+00  5.3958186e+00  5.39582e+00
8.943684399e+00  5.4108973e+00  5.41090e+00
8.988402821e+00  5.7912427e+00  5.79124e+00
9.033344836e+00  6.0853671e+00  6.08537e+00
9.078511560e+00  5.7659130e+00  5.76591e+00
9.123904118e+00  4.6432955e+00  4.64330e+00
9.169523638e+00  2.7951854e+00  2.79519e+00
9.215371256e+00  1.7837073e+00  1.78371e+00
9.261448113e+00  1.3186240e+00  1.31862e+00
9.307755353e+00  1.1428994e+00  1.14290e+00
9.354294130e+00  1.2036371e+00  1.20364e+00
9.401065601e+00  6.7295444e-01  6.72954e-01
9.448070929e+00  3.0928573e-01  3.09286e-01
9.495311283e+00  3.1306488e-01  3.13065e-01
9.542787840e+00  3.3126858e-01  3.31269e-01
9.590501779e+00  4.5775292e-01  4.57753e-01
9.638454288e+00  3.2962190e-01  3.29622e-01
9.686646559e+00  3.3518641e-01  3.35186e-01
9.735079792e+00  3.4079363e-01  3.40794e-01
9.783755191e+00  3.4705578e-01  3.47056e-01
9.832673967e+00  3.7060018e-01  3.70600e-01
9.881837337e+00  6.2485062e-01  6.24851e-01
9.931246523e+00  1.8804890e+00  1.88049e+00
9.980902756e+00  3.5758505e+00  3.57585e+00
1.003080727e+01  5.1689834e+00  5.16898e+00
1.008096131e+01  5.3981546e+00  5.39815e+00
1.013136611e+01  4.1367108e+00  4.13671e+00
1.018202294e+01  3.1060730e+00  3.10607e+00
1.023293306e+01  2.2945679e+00  2.29457e+00
1.028409772e+01  2.0396588e+00  2.03966e+00
1.033551821e+01  2.2868269e+00  2.28683e+00
1.038719580e+01  3.8327567e+00  3.83276e+00
1.043913178e+01  3.0948403e+00  3.09484e+00
1.049132744e+01  2.5859909e+00  2.58599e+00
1.054378408e+01  2.5991087e+00  2.59911e+00
1.059650300e+01  2.8223867e+00  2.82239e+00
1.064948551e+01  3.3149034e+00  3.31490e+00
1.070273294e+01  3.9515669e+00  3.95157e+00
1.075624661e+01  4.7424782e+00  4.74248e+00
1.081002784e+01  5.1483891e+00  5.14839e+00
1.086407798e+01  5.4742710e+00  5.47427e+00
1.091839837e+01  5.9174824e+00  5.91748e+00
1.097299036e+01  6.1412820e+00  6.14128e+00
1.102785531e+01  6.2446931e+00  6.24469e+00
1.108299459e+01  6.3581095e+00  6.35811e+00
1.113840956e+01  6.5580954e+00  6.55810e+00
1.119410161e+01  6.7665367e+00  6.76654e+00
1.125007212e+01  6.8697960e+00  6.86980e+00
1.130632248e+01  6.9641847e+00  6.96418e+00
1.136285409e+01  6.9838806e+00  6.98388e+00
1.141966836e+01  6.9936326e+00  6.99363e+00
1.147676670e+01  6.9817924e+00  6.98179e+00
1.153415054e+01  6.9600012e+00  6.96000e+00
1.159182129e+01  6.6602774e+00  6.66028e+00
1.164978039e+01  6.9024667e+00  6.90247e+00
1.170802930e+01  6.7896100e+00  6.78961e+00
1.176656944e+01  6.7195031e+00  6.71950e+00
1.182540229e+01  6.6831751e+00  6.68318e+00
1.188452930e+01  6.5869086e+00  6.58691e+00
1.194395195e+01  6.5581786e+00  6.55818e+00
1.200367171e+01  6.3957407e+00  6.39574e+00
1.206369007e+01  5.0874094e+00  5.08741e+00
1.212400852e+01  5.6149689e+00  5.61497e+00
1.218462856e+01  4.9470518e+00  4.94705e+00
1.224555170e+01  4.1296748e+00  4.12967e+00
1.230677946e+01  3.4357681e+00  3.43577e+00
1.236831336e+01  2.8488935e+00  2.84889e+00
1.243015492e+01  2.5348008e+00  2.53480e+00
1.249230570e+01  2.4374214e+00  2.43742e+00
1.255476723e+01  2.4836855e+00  2.48369e+00
1.261754106e+01  1.2378528e+00  1.23785e+00
1.268062877e+01  2.7784062e+00  2.77841e+00
1.274403191e+01  2.5431451e+00  2.54315e+00
1.280775207e+01  2.3740534e+00  2.37405e+00
1.287179083e+01  2.3562062e+00  2.35621e+00
1.293614979e+01  2.1775316e+00  2.17753e+00
1.300083054e+01  1.7493294e+00  1.74933e+00
1.306583469e+01  1.4407954e+00  1.44080e+00
1.313116386e+01  9.7591194e-01  9.75912e-01
1.319681968e+01  7.1167883e-01  7.11679e-01
1.326280378e+01  6.6344324e-01  6.63443e-01
1.332911780e+01  6.6414166e-01  6.64142e-01
1.339576339e+01  6.6764343e-01  6.67643e-01
1.346274221e+01  6.7107187e-01  6.71072e-01
1.353005592e+01  6.7441855e-01  6.74419e-01
1.359770620e+01  6.7768259e-01  6.77683e-01
1.366569473e+01  6.8086318e-01  6.80863e-01
1.373402320e+01  6.8395951e-01  6.83960e-01
1.380269332e+01  6.8697084e-01  6.86971e-01
1.387170678e+01  6.8989644e-01  6.89896e-01
1.394106532e+01  6.9273564e-01  6.92736e-01
1.401077064e+01  6.9548780e-01  6.95488e-01
1.408082450e+01  6.9815231e-01  6.98152e-01
1.415122862e+01  7.0072862e-01  7.00729e-01
1.422198476e+01  7.0321620e-01  7.03216e-01
1.429309469e+01  7.0561456e-01  7.05615e-01
1.436456016e+01  7.0792326e-01  7.07923e-01
1.443638296e+01  7.1014189e-01  7.10142e-01
1.450856487e+01  7.1227008e-01  7.12270e-01
1.458110770e+01  7.1430751e-01  7.14308e-01
1.465401324e+01  7.1625387e-01  7.16254e-01
1.472728330e+01  7.1810893e-01  7.18109e-01
1.480091972e+01  7.1987246e-01  7.19872e-01
1.487492432e+01  7.2154428e-01  7.21544e-01
1.494929894e+01  7.2312426e-01  7.23124e-01
1.502404544e+01  7.2461230e-01  7.24612e-01
1.509916566e+01  7.2600833e-01  7.26008e-01
1.517466149e+01  7.2731232e-01  7.27312e-01
1.525053480e+01  7.2852428e-01  7.28524e-01
1.532678747e+01  7.2964426e-01  7.29644e-01
1.540342141e+01  7.3067234e-01  7.30672e-01
1.548043852e+01  7.3160863e-01  7.31609e-01
1.555784071e+01  7.3245330e-01  7.32453e-01
1.563562991e+01  7.3320651e-01  7.33207e-01
1.571380806e+01  7.3386851e-01  7.33869e-01
1.579237710e+01  7.3443953e-01  7.34440e-01
1.587133899e+01  7.3491987e-01  7.34920e-01
1.595069568e+01  7.3530986e-01  7.35310e-01
1.603044916e+01  7.3560983e-01  7.35610e-01
1.611060141e+01  7.3582019e-01  7.35820e-01
1.619115441e+01  7.3594135e-01  7.35941e-01
1.627211019e+01  7.3597375e-01  7.35974e-01
1.635347074e+01  7.3591787e-01  7.35918e-01
1.643523809e+01  7.3577422e-01  7.35774e-01
1.651741428e+01  7.3554334e-01  7.35543e-01
1.660000135e+01  7.3522580e-01  7.35226e-01
1.668300136e+01  7.3482217e-01  7.34822e-01
1.676641637e+01  7.3433309e-01  7.34333e-01
1.685024845e+01  7.3375921e-01  7.33759e-01
1.693449969e+01  7.3310121e-01  7.33101e-01
1.701917219e+01  7.3236481e-01  7.32365e-01
1.710426805e+01  7.3207515e-01  7.32075e-01
1.718978939e+01  7.4477683e-01  7.44777e-01
1.727573834e+01  7.9954880e-01  7.99549e-01
1.736211703e+01  9.0069957e-01  9.00700e-01
1.744892761e+01  1.2069968e+00  1.20700e+00
1.753617225e+01  1.5160363e+00  1.51604e+00
1.762385311e+01  1.7725284e+00  1.77253e+00
1.771197238e+01  1.9705617e+00  1.97056e+00
1.780053224e+01  2.0727540e+00  2.07275e+00
1.788953490e+01  2.1397149e+00  2.13971e+00
1.797898258e+01  2.2505694e+00  2.25057e+00
1.806887749e+01  2.3115459e+00  2.31155e+00
1.815922188e+01  2.2480724e+00  2.24807e+00
1.825001799e+01  2.1359408e+00  2.13594e+00
1.834126808e+01  1.1279813e+00  1.12798e+00
1.843297442e+01  2.3380517e+00  2.33805e+00
1.852513929e+01  2.5559834e+00  2.55598e+00
1.861776499e+01  2.3942138e+00  2.39421e+00
1.871085381e+01  2.3596161e+00  2.35962e+00
1.880440808e+01  2.3161451e+00  2.31615e+00
1.889843012e+01  2.3549142e+00  2.35491e+00
1.899292227e+01  2.1746259e+00  2.17463e+00
1.908788688e+01  2.4634457e+00  2.46345e+00
1.918332632e+01  2.4663962e+00  2.46640e+00
1.927924295e+01  2.1599671e+00  2.15997e+00
1.937563916e+01  2.2738544e+00  2.27385e+00
1.947251736e+01  2.7618310e+00  2.76183e+00
1.956987994e+01  2.5188746e+00  2.51887e+00
1.966772934e+01  2.3251933e+00  2.32519e+00
1.976606799e+01  2.2081594e+00  2.20816e+00
1.986489833e+01  2.1640916e+00  2.16409e+00
1.996422282e+01  2.2991900e+00  2.29919e+00
