# WARNING | PUMAS | The aerosols require higher scattering requirements, of NMAX:1 and LMAX:37, for the selected aerosols having a max g of 0.83.
# ------------------------------------------------------------------------
# Radiance spectrum
# NASA-GSFC Planetary Spectrum Generator (PSG) (Villanueva et al. 2018, 2022)
# Synthesized on Thu Nov 30 22:52:10 2023
# Doppler velocities [km/s] (vobs,vrot+vorb,vwidth,vrfl,vstr): 0.00000,-0.00000,0.01000,0.00000,0.00000
# ------------------------------------------------------------------------
# Spectra synthesized with the Planetary and Universal Model of Atmospheric Scattering (PUMAS, Villanueva et al. 2018, 2022)
# Single scattering radiative transfer method
# ------------------------------------------------------------------------
# Spectral unit: Wavelength [um]
# Radiance unit: Spectral radiance [W/sr/m2/um]
# Wave/freq Total Mars
4.000000000e-01  3.0067984e+01  3.00680e+01
4.020000000e-01  3.0252407e+01  3.02524e+01
4.040100000e-01  3.0433149e+01  3.04331e+01
4.060300500e-01  3.0355928e+01  3.03559e+01
4.080602003e-01  3.0763141e+01  3.07631e+01
4.101005013e-01  3.0932008e+01  3.09320e+01
4.121510038e-01  3.1118260e+01  3.11183e+01
4.142117588e-01  3.1279814e+01  3.12798e+01
4.162828176e-01  3.1437394e+01  3.14374e+01
4.183642317e-01  3.1499361e+01  3.14994e+01
4.204560528e-01  3.1414702e+01  3.14147e+01
4.225583331e-01  3.1885776e+01  3.18858e+01
4.246711247e-01  3.2026985e+01  3.20270e+01
4.267944804e-01  3.2164014e+01  3.21640e+01
4.289284528e-01  3.2279578e+01  3.22796e+01
4.310730950e-01  3.2372469e+01  3.23725e+01
4.332284605e-01  3.2280708e+01  3.22807e+01
4.353946028e-01  3.2339840e+01  3.23398e+01
4.375715758e-01  3.2144250e+01  3.21442e+01
4.397594337e-01  3.1691726e+01  3.16917e+01
4.419582309e-01  3.0375711e+01  3.03757e+01
4.441680220e-01  3.2924170e+01  3.29242e+01
4.463888621e-01  3.3203604e+01  3.32036e+01
4.486208064e-01  3.3265378e+01  3.32654e+01
4.508639105e-01  3.3288933e+01  3.32889e+01
4.531182300e-01  3.3163038e+01  3.31630e+01
4.553838212e-01  3.2884107e+01  3.28841e+01
4.576607403e-01  3.2387628e+01  3.23876e+01
4.599490440e-01  3.1504774e+01  3.15048e+01
4.622487892e-01  3.3512187e+01  3.35122e+01
4.645600332e-01  3.3531998e+01  3.35320e+01
4.668828333e-01  3.3435156e+01  3.34352e+01
4.692172475e-01  3.3744549e+01  3.37445e+01
4.715633337e-01  3.3750290e+01  3.37503e+01
4.739211504e-01  3.3578216e+01  3.35782e+01
4.762907561e-01  3.3030640e+01  3.30306e+01
4.786722099e-01  3.1791226e+01  3.17912e+01
4.810655710e-01  2.8815460e+01  2.88155e+01
4.834708988e-01  2.5829285e+01  2.58293e+01
4.858882533e-01  1.9279032e+01  1.92790e+01
4.883176946e-01  3.0865327e+01  3.08653e+01
4.907592831e-01  3.3620329e+01  3.36203e+01
4.932130795e-01  3.3878006e+01  3.38780e+01
4.956791449e-01  3.3891378e+01  3.38914e+01
4.981575406e-01  3.3424173e+01  3.34242e+01
5.006483283e-01  3.2681715e+01  3.26817e+01
5.031515699e-01  3.1014447e+01  3.10144e+01
5.056673278e-01  2.8850428e+01  2.88504e+01
5.081956644e-01  2.5080804e+01  2.50808e+01
5.107366428e-01  2.4294551e+01  2.42946e+01
5.132903260e-01  3.1011180e+01  3.10112e+01
5.158567776e-01  2.7655445e+01  2.76554e+01
5.184360615e-01  3.1515921e+01  3.15159e+01
5.210282418e-01  2.8524984e+01  2.85250e+01
5.236333830e-01  2.8106100e+01  2.81061e+01
5.262515499e-01  3.0324328e+01  3.03243e+01
5.288828077e-01  3.0549960e+01  3.05500e+01
5.315272217e-01  2.7828921e+01  2.78289e+01
5.341848578e-01  2.2977462e+01  2.29775e+01
5.368557821e-01  1.4901586e+01  1.49016e+01
5.395400610e-01  9.6522964e+00  9.65230e+00
5.422377613e-01  5.2180739e+00  5.21807e+00
5.449489501e-01  7.6467132e+00  7.64671e+00
5.476736949e-01  2.4801003e+01  2.48010e+01
5.504120634e-01  3.2225695e+01  3.22257e+01
5.531641237e-01  3.1744907e+01  3.17449e+01
5.559299443e-01  2.8648832e+01  2.86488e+01
5.587095940e-01  2.8769450e+01  2.87694e+01
5.615031420e-01  2.9192311e+01  2.91923e+01
5.643106577e-01  2.7517403e+01  2.75174e+01
5.671322110e-01  2.1899313e+01  2.18993e+01
5.699678720e-01  1.7508407e+01  1.75084e+01
5.728177114e-01  1.2938225e+01  1.29382e+01
5.756818000e-01  9.5883982e+00  9.58840e+00
5.785602090e-01  1.2613561e+01  1.26136e+01
5.814530100e-01  2.1066787e+01  2.10668e+01
5.843602750e-01  2.7282311e+01  2.72823e+01
5.872820764e-01  3.0500164e+01  3.05002e+01
5.902184868e-01  2.6921558e+01  2.69216e+01
5.931695792e-01  1.7594939e+01  1.75949e+01
5.961354271e-01  1.1461440e+01  1.14614e+01
5.991161043e-01  1.2322619e+01  1.23226e+01
6.021116848e-01  1.7105280e+01  1.71053e+01
6.051222432e-01  1.9258232e+01  1.92582e+01
6.081478544e-01  1.0868661e+01  1.08687e+01
6.111885937e-01  6.2211325e+00  6.22113e+00
6.142445367e-01  1.8444485e+00  1.84445e+00
6.173157594e-01  9.6449422e-01  9.64494e-01
6.204023382e-01  6.5451297e-01  6.54513e-01
6.235043498e-01  1.5026849e+00  1.50268e+00
6.266218716e-01  7.1232432e+00  7.12324e+00
6.297549810e-01  1.7661358e+01  1.76614e+01
6.329037559e-01  2.4229479e+01  2.42295e+01
6.360682746e-01  2.1335640e+01  2.13356e+01
6.392486160e-01  1.5570184e+01  1.55702e+01
6.424448591e-01  1.0043008e+01  1.00430e+01
6.456570834e-01  1.0569469e+01  1.05695e+01
6.488853688e-01  8.1565955e+00  8.15660e+00
6.521297956e-01  6.6208951e+00  6.62090e+00
6.553904446e-01  4.1899680e+00  4.18997e+00
6.586673968e-01  3.2766349e+00  3.27663e+00
6.619607338e-01  2.5848394e+00  2.58484e+00
6.652705375e-01  1.4061147e+00  1.40611e+00
6.685968902e-01  1.8253741e+00  1.82537e+00
6.719398746e-01  3.7874947e+00  3.78749e+00
6.752995740e-01  9.9214458e+00  9.92145e+00
6.786760719e-01  1.4346869e+01  1.43469e+01
6.820694522e-01  4.9228927e+00  4.92289e+00
6.854797995e-01  4.9374784e+00  4.93748e+00
6.889071985e-01  8.1419967e+00  8.14200e+00
6.923517345e-01  8.5243739e+00  8.52437e+00
6.958134932e-01  3.2071814e+00  3.20718e+00
6.992925606e-01  1.1152890e+00  1.11529e+00
7.027890234e-01  6.5969851e-01  6.59699e-01
7.063029686e-01  1.0053711e+00  1.00537e+00
7.098344834e-01  1.8402015e+00  1.84020e+00
7.133836558e-01  2.1471784e+00  2.14718e+00
7.169505741e-01  4.4437164e-01  4.44372e-01
7.205353270e-01  1.5464830e-01  1.54648e-01
7.241380036e-01  8.0862791e-02  8.08628e-02
7.277586936e-01  4.8008341e-02  4.80083e-02
7.313974871e-01  9.5144158e-02  9.51442e-02
7.350544745e-01  2.2411019e-01  2.24110e-01
7.387297469e-01  5.6923700e-01  5.69237e-01
7.424233956e-01  3.2521406e+00  3.25214e+00
7.461355126e-01  8.4752336e+00  8.47523e+00
7.498661902e-01  8.9361828e+00  8.93618e+00
7.536155211e-01  9.8752281e+00  9.87523e+00
7.573835987e-01  4.4457248e+00  4.44572e+00
7.611705167e-01  1.3649296e+00  1.36493e+00
7.649763693e-01  9.5968639e-01  9.59686e-01
7.688012511e-01  8.8819255e-01  8.88193e-01
7.726452574e-01  6.4309675e-01  6.43097e-01
7.765084837e-01  4.2291483e-01  4.22915e-01
7.803910261e-01  2.0377707e-01  2.03777e-01
7.842929812e-01  1.5624483e-01  1.56245e-01
7.882144461e-01  2.0033167e-01  2.00332e-01
7.921555184e-01  1.5981867e-01  1.59819e-01
7.961162960e-01  1.1261234e-01  1.12612e-01
8.000968774e-01  1.2527229e-01  1.25272e-01
8.040973618e-01  1.7665683e-01  1.76657e-01
8.081178486e-01  2.7425020e-01  2.74250e-01
8.121584379e-01  4.2705300e-01  4.27053e-01
8.162192301e-01  8.6089173e-01  8.60892e-01
8.203003262e-01  1.7947170e+00  1.79472e+00
8.244018279e-01  2.7376298e+00  2.73763e+00
8.285238370e-01  4.2018638e+00  4.20186e+00
8.326664562e-01  2.8063527e+00  2.80635e+00
8.368297885e-01  2.5171074e-01  2.51711e-01
8.410139374e-01  1.1747437e-01  1.17474e-01
8.452190071e-01  1.8806683e-01  1.88067e-01
8.494451021e-01  2.7779282e-01  2.77793e-01
8.536923276e-01  1.2383335e-01  1.23833e-01
8.579607893e-01  4.2136971e-02  4.21370e-02
8.622505932e-01  1.6326941e-02  1.63269e-02
8.665618462e-01  1.9556356e-02  1.95564e-02
8.708946554e-01  2.7365471e-02  2.73655e-02
8.752491287e-01  3.4446231e-02  3.44462e-02
8.796253743e-01  1.0500187e-02  1.05002e-02
8.840235012e-01  1.7074130e-03  1.70741e-03
8.884436187e-01  1.3038728e-03  1.30387e-03
8.928858368e-01  1.6375112e-03  1.63751e-03
8.973502660e-01  2.2716498e-03  2.27165e-03
9.018370173e-01  4.8566985e-03  4.85670e-03
9.063462024e-01  1.9733785e-02  1.97338e-02
9.108779334e-01  3.8678326e-02  3.86783e-02
9.154323231e-01  5.4223251e-02  5.42233e-02
9.200094847e-01  1.1128063e-01  1.11281e-01
9.246095321e-01  2.1717267e-01  2.17173e-01
9.292325798e-01  4.3606709e-01  4.36067e-01
9.338787427e-01  1.2090337e+00  1.20903e+00
9.385481364e-01  2.4864485e+00  2.48645e+00
9.432408771e-01  6.7475597e-01  6.74756e-01
9.479570815e-01  1.6928230e-01  1.69282e-01
9.526968669e-01  4.3658663e-02  4.36587e-02
9.574603512e-01  3.5868263e-02  3.58683e-02
9.622476530e-01  1.2858938e-02  1.28589e-02
9.670588912e-01  1.1104950e-02  1.11050e-02
9.718941857e-01  3.2987834e-03  3.29878e-03
9.767536566e-01  3.8869977e-03  3.88700e-03
9.816374249e-01  2.7648668e-03  2.76487e-03
9.865456120e-01  2.6361680e-03  2.63617e-03
9.914783401e-01  1.7243538e-03  1.72435e-03
9.964357318e-01  1.8263632e-03  1.82636e-03
1.001417910e+00  1.4760262e-03  1.47603e-03
1.006425000e+00  1.6883053e-03  1.68831e-03
1.011457125e+00  1.8541195e-03  1.85412e-03
1.016514411e+00  2.1300332e-03  2.13003e-03
1.021596983e+00  2.9271541e-03  2.92715e-03
1.026704968e+00  3.8759821e-03  3.87598e-03
1.031838492e+00  7.5143249e-03  7.51432e-03
1.036997685e+00  1.2496143e-02  1.24961e-02
1.042182673e+00  1.8787323e-02  1.87873e-02
1.047393587e+00  3.1873824e-02  3.18738e-02
1.052630555e+00  1.8299827e+01  1.82998e+01
1.057893707e+00  1.9651133e+01  1.96511e+01
1.063183176e+00  1.9411073e+01  1.94111e+01
1.068499092e+00  1.9252875e+01  1.92529e+01
1.073841587e+00  1.9086326e+01  1.90863e+01
1.079210795e+00  1.8852111e+01  1.88521e+01
1.084606849e+00  1.6775870e+01  1.67759e+01
1.090029883e+00  1.0752959e+00  1.07530e+00
1.095480033e+00  3.0192144e-01  3.01921e-01
1.100957433e+00  5.1893649e-01  5.18936e-01
1.106462220e+00  1.6941237e-01  1.69412e-01
1.111994531e+00  2.7531405e-02  2.75314e-02
1.117554504e+00  1.2293020e-02  1.22930e-02
1.123142276e+00  5.0726419e-03  5.07264e-03
1.128757988e+00  3.7503123e-03  3.75031e-03
1.134401778e+00  2.9440980e-03  2.94410e-03
1.140073787e+00  2.6392613e-03  2.63926e-03
1.145774156e+00  1.8394564e-03  1.83946e-03
1.151503026e+00  7.7301985e-04  7.73020e-04
1.157260541e+00  8.3452405e-04  8.34524e-04
1.163046844e+00  6.1733543e-04  6.17335e-04
1.168862078e+00  6.8135552e-04  6.81356e-04
1.174706389e+00  8.2018145e-04  8.20181e-04
1.180579921e+00  9.7195903e-04  9.71959e-04
1.186482820e+00  1.1958695e-03  1.19587e-03
1.192415234e+00  4.3630149e-03  4.36301e-03
1.198377311e+00  8.7736687e-03  8.77367e-03
1.204369197e+00  1.3346062e-02  1.33461e-02
1.210391043e+00  2.5099577e-02  2.50996e-02
1.216442998e+00  1.2319575e-02  1.23196e-02
1.222525213e+00  1.3541429e-02  1.35414e-02
1.228637839e+00  1.2121320e-02  1.21213e-02
1.234781029e+00  1.4172683e-02  1.41727e-02
1.240954934e+00  2.3983787e-02  2.39838e-02
1.247159708e+00  3.4638519e-02  3.46385e-02
1.253395507e+00  6.9061307e-02  6.90613e-02
1.259662485e+00  1.2625084e-01  1.26251e-01
1.265960797e+00  1.8489872e-01  1.84899e-01
1.272290601e+00  2.1006284e-01  2.10063e-01
1.278652054e+00  2.9693959e-01  2.96940e-01
1.285045314e+00  2.6104542e-01  2.61045e-01
1.291470541e+00  1.6025074e-01  1.60251e-01
1.297927893e+00  4.9592648e-02  4.95926e-02
1.304417533e+00  1.5301547e-02  1.53015e-02
1.310939621e+00  7.4161460e-03  7.41615e-03
1.317494319e+00  4.9630568e-03  4.96306e-03
1.324081790e+00  4.5504836e-03  4.55048e-03
1.330702199e+00  1.4751172e-03  1.47512e-03
1.337355710e+00  1.3633412e-03  1.36334e-03
1.344042489e+00  8.9705582e-04  8.97056e-04
1.350762701e+00  6.0732384e-04  6.07324e-04
1.357516515e+00  3.2445173e-04  3.24452e-04
1.364304097e+00  4.2131002e-04  4.21310e-04
1.371125618e+00  3.6397869e-04  3.63979e-04
1.377981246e+00  3.2332644e-04  3.23326e-04
1.384871152e+00  2.2827153e-04  2.28272e-04
1.391795508e+00  2.8417749e-04  2.84177e-04
1.398754485e+00  2.5541403e-04  2.55414e-04
1.405748258e+00  2.9802643e-04  2.98026e-04
1.412776999e+00  4.0163074e-04  4.01631e-04
1.419840884e+00  6.1019721e-04  6.10197e-04
1.426940089e+00  6.8507086e-04  6.85071e-04
1.434074789e+00  8.5481396e-04  8.54814e-04
1.441245163e+00  1.1204624e-03  1.12046e-03
1.448451389e+00  1.4499291e-03  1.44993e-03
1.455693646e+00  2.1291185e-03  2.12912e-03
1.462972114e+00  2.8887066e-03  2.88871e-03
1.470286975e+00  2.4399118e-03  2.43991e-03
1.477638409e+00  3.2636003e-03  3.26360e-03
1.485026601e+00  3.5967223e-03  3.59672e-03
1.492451734e+00  5.5590716e-03  5.55907e-03
1.499913993e+00  8.0321999e-03  8.03220e-03
1.507413563e+00  8.1309296e-03  8.13093e-03
1.514950631e+00  1.1435868e-02  1.14359e-02
1.522525384e+00  1.5344336e-02  1.53443e-02
1.530138011e+00  2.4085181e-02  2.40852e-02
1.537788701e+00  2.6065778e-02  2.60658e-02
1.545477645e+00  4.0234739e-02  4.02347e-02
1.553205033e+00  4.4502306e-02  4.45023e-02
1.560971058e+00  2.9699154e-02  2.96992e-02
1.568775913e+00  2.7802241e-02  2.78022e-02
1.576619793e+00  3.8872119e-02  3.88721e-02
1.584502892e+00  3.1163499e-02  3.11635e-02
1.592425406e+00  1.6782743e-02  1.67827e-02
1.600387533e+00  8.3215180e-03  8.32152e-03
1.608389471e+00  1.9922425e-02  1.99224e-02
1.616431418e+00  2.5851855e-03  2.58519e-03
1.624513575e+00  8.3692579e-04  8.36926e-04
1.632636143e+00  4.9555777e-04  4.95558e-04
1.640799324e+00  5.0057581e-04  5.00576e-04
1.649003321e+00  2.4770721e-04  2.47707e-04
1.657248337e+00  4.1763806e-04  4.17638e-04
1.665534579e+00  2.3406871e-04  2.34069e-04
1.673862252e+00  2.1377907e-04  2.13779e-04
1.682231563e+00  2.8356856e-04  2.83569e-04
1.690642721e+00  1.8765643e-04  1.87656e-04
1.699095934e+00  8.7674865e-05  8.76749e-05
1.707591414e+00  8.7616941e-05  8.76169e-05
1.716129371e+00  2.3478293e-04  2.34783e-04
1.724710018e+00  1.2715600e-04  1.27156e-04
1.733333568e+00  1.0692595e-04  1.06926e-04
1.742000236e+00  2.0917934e-04  2.09179e-04
1.750710237e+00  1.9632154e-04  1.96322e-04
1.759463788e+00  1.7486100e-04  1.74861e-04
1.768261107e+00  1.7506466e-04  1.75065e-04
1.777102413e+00  2.2384835e-04  2.23848e-04
1.785987925e+00  1.6670771e-04  1.66708e-04
1.794917864e+00  1.9186893e-04  1.91869e-04
1.803892454e+00  2.0602082e-04  2.06021e-04
1.812911916e+00  1.8645515e-04  1.86455e-04
1.821976476e+00  1.8368698e-04  1.83687e-04
1.831086358e+00  2.1763565e-04  2.17636e-04
1.840241790e+00  2.0535037e-04  2.05350e-04
1.849442999e+00  2.5361613e-04  2.53616e-04
1.858690214e+00  3.7337357e-04  3.73374e-04
1.867983665e+00  4.6249028e-04  4.62490e-04
1.877323583e+00  6.5349847e-04  6.53498e-04
1.886710201e+00  8.5152317e-04  8.51523e-04
1.896143752e+00  1.0716168e-03  1.07162e-03
1.905624471e+00  9.1103661e-04  9.11037e-04
1.915152593e+00  1.0109359e-03  1.01094e-03
1.924728356e+00  9.0093302e-04  9.00933e-04
1.934351998e+00  1.4084947e-03  1.40849e-03
1.944023758e+00  1.7565513e-03  1.75655e-03
1.953743877e+00  1.7399998e-03  1.74000e-03
1.963512596e+00  2.1537345e-03  2.15373e-03
1.973330159e+00  3.5617596e-03  3.56176e-03
1.983196810e+00  4.4467351e-03  4.44674e-03
1.993112794e+00  9.3898010e-03  9.38980e-03
2.003078358e+00  5.0557796e-03  5.05578e-03
2.013093750e+00  3.9767972e-03  3.97680e-03
2.023159218e+00  2.3582962e-02  2.35830e-02
2.033275015e+00  1.2356878e-01  1.23569e-01
2.043441390e+00  1.9283095e-01  1.92831e-01
2.053658597e+00  4.7692852e-02  4.76929e-02
2.063926890e+00  3.7928433e-02  3.79284e-02
2.074246524e+00  1.4822682e-01  1.48227e-01
2.084617757e+00  1.1601235e-01  1.16012e-01
2.095040845e+00  3.4176537e-02  3.41765e-02
2.105516050e+00  8.8482524e-03  8.84825e-03
2.116043630e+00  2.2931204e-03  2.29312e-03
2.126623848e+00  9.5229739e-04  9.52297e-04
2.137256967e+00  1.2957575e-03  1.29576e-03
2.147943252e+00  2.6398513e-04  2.63985e-04
2.158682968e+00  1.1786239e-04  1.17862e-04
2.169476383e+00  6.2977601e-05  6.29776e-05
2.180323765e+00  1.2810827e-04  1.28108e-04
2.191225384e+00  8.3832639e-05  8.38326e-05
2.202181511e+00  1.5315729e-05  1.53157e-05
2.213192418e+00  3.3132330e-05  3.31323e-05
2.224258381e+00  2.4331621e-05  2.43316e-05
2.235379672e+00  1.7153603e-05  1.71536e-05
2.246556571e+00  1.2233641e-05  1.22336e-05
2.257789354e+00  1.1563293e-05  1.15633e-05
2.269078300e+00  1.2436387e-05  1.24364e-05
2.280423692e+00  1.2277186e-05  1.22772e-05
2.291825810e+00  9.6434279e-06  9.64343e-06
2.303284939e+00  1.1218162e-05  1.12182e-05
2.314801364e+00  1.3796954e-05  1.37970e-05
2.326375371e+00  1.2225286e-05  1.22253e-05
2.338007248e+00  1.3729563e-05  1.37296e-05
2.349697284e+00  1.2879539e-05  1.28795e-05
2.361445770e+00  1.7344976e-05  1.73450e-05
2.373252999e+00  1.5904145e-05  1.59041e-05
2.385119264e+00  2.1488531e-05  2.14885e-05
2.397044861e+00  2.4657359e-05  2.46574e-05
2.409030085e+00  3.2723746e-05  3.27237e-05
2.421075235e+00  2.8813474e-05  2.88135e-05
2.433180612e+00  3.1819545e-05  3.18195e-05
2.445346515e+00  4.1064875e-05  4.10649e-05
2.457573247e+00  4.8345438e-05  4.83454e-05
2.469861113e+00  5.6997490e-05  5.69975e-05
2.482210419e+00  6.5322450e-05  6.53225e-05
2.494621471e+00  7.5614659e-05  7.56147e-05
2.507094578e+00  8.4144954e-05  8.41450e-05
2.519630051e+00  8.9654477e-05  8.96545e-05
2.532228202e+00  9.8101606e-05  9.81016e-05
2.544889343e+00  9.8087689e-05  9.80877e-05
2.557613789e+00  8.2892440e-05  8.28924e-05
2.570401858e+00  8.9592257e-05  8.95923e-05
2.583253867e+00  1.0145024e-04  1.01450e-04
2.596170137e+00  1.0644530e-04  1.06445e-04
2.609150988e+00  1.2219781e-04  1.22198e-04
2.622196742e+00  1.4338217e-04  1.43382e-04
2.635307726e+00  1.7982441e-04  1.79824e-04
2.648484265e+00  2.3273833e-04  2.32738e-04
2.661726686e+00  3.0871362e-04  3.08714e-04
2.675035320e+00  2.0228140e-04  2.02281e-04
2.688410496e+00  1.9799535e-04  1.97995e-04
2.701852549e+00  2.1065231e-04  2.10652e-04
2.715361811e+00  2.7567510e-04  2.75675e-04
2.728938620e+00  3.7090302e-04  3.70903e-04
2.742583314e+00  3.3559884e-04  3.35599e-04
2.756296230e+00  2.8134624e-04  2.81346e-04
2.770077711e+00  3.0612601e-04  3.06126e-04
2.783928100e+00  3.2614800e-04  3.26148e-04
2.797847740e+00  3.6668913e-04  3.66689e-04
2.811836979e+00  4.1878416e-04  4.18784e-04
2.825896164e+00  5.7291865e-04  5.72919e-04
2.840025645e+00  7.7026850e-04  7.70269e-04
2.854225773e+00  2.0492900e-03  2.04929e-03
2.868496902e+00  1.0896223e-03  1.08962e-03
2.882839386e+00  1.6092948e-03  1.60929e-03
2.897253583e+00  1.5167407e-03  1.51674e-03
2.911739851e+00  1.0309542e-03  1.03095e-03
2.926298550e+00  9.8640416e-04  9.86404e-04
2.940930043e+00  9.2607939e-04  9.26079e-04
2.955634693e+00  8.4404084e-04  8.44041e-04
2.970412867e+00  9.8766790e-04  9.87668e-04
2.985264931e+00  1.0085734e-03  1.00857e-03
3.000191256e+00  9.1630863e-04  9.16309e-04
3.015192212e+00  1.0665526e-03  1.06655e-03
3.030268173e+00  1.0682869e-03  1.06829e-03
3.045419514e+00  1.0870196e-03  1.08702e-03
3.060646612e+00  1.1465796e-03  1.14658e-03
3.075949845e+00  1.2168572e-03  1.21686e-03
3.091329594e+00  1.3180395e-03  1.31804e-03
3.106786242e+00  1.4932464e-03  1.49325e-03
3.122320173e+00  1.7280383e-03  1.72804e-03
3.137931774e+00  1.8571646e-03  1.85716e-03
3.153621433e+00  1.9321910e-03  1.93219e-03
3.169389540e+00  2.1639699e-03  2.16397e-03
3.185236488e+00  2.3793688e-03  2.37937e-03
3.201162670e+00  2.5150308e-03  2.51503e-03
3.217168483e+00  2.7101890e-03  2.71019e-03
3.233254326e+00  2.7400580e-03  2.74006e-03
3.249420598e+00  2.6896538e-03  2.68965e-03
3.265667701e+00  3.3288716e-03  3.32887e-03
3.281996039e+00  3.6668803e-03  3.66688e-03
3.298406019e+00  3.9124563e-03  3.91246e-03
3.314898049e+00  1.5811390e-03  1.58114e-03
3.331472540e+00  2.8948225e-03  2.89482e-03
3.348129902e+00  4.4562121e-03  4.45621e-03
3.364870552e+00  4.4218161e-03  4.42182e-03
3.381694905e+00  4.8576894e-03  4.85769e-03
3.398603379e+00  5.1112496e-03  5.11125e-03
3.415596396e+00  5.5888747e-03  5.58887e-03
3.432674378e+00  5.7005511e-03  5.70055e-03
3.449837750e+00  5.9234335e-03  5.92343e-03
3.467086939e+00  6.2864198e-03  6.28642e-03
3.484422373e+00  7.0255978e-03  7.02560e-03
3.501844485e+00  8.0069707e-03  8.00697e-03
3.519353708e+00  8.1665014e-03  8.16650e-03
3.536950476e+00  9.1226027e-03  9.12260e-03
3.554635228e+00  9.8919954e-03  9.89200e-03
3.572408405e+00  9.9327626e-03  9.93276e-03
3.590270447e+00  1.0038204e-02  1.00382e-02
3.608221799e+00  1.0679821e-02  1.06798e-02
3.626262908e+00  1.2501217e-02  1.25012e-02
3.644394222e+00  1.3125841e-02  1.31258e-02
3.662616193e+00  1.3574877e-02  1.35749e-02
3.680929274e+00  1.4365772e-02  1.43658e-02
3.699333921e+00  1.4920625e-02  1.49206e-02
3.717830590e+00  1.6199724e-02  1.61997e-02
3.736419743e+00  1.7191724e-02  1.71917e-02
3.755101842e+00  1.7987424e-02  1.79874e-02
3.773877351e+00  1.9108557e-02  1.91086e-02
3.792746738e+00  1.9530260e-02  1.95303e-02
3.811710472e+00  2.1349771e-02  2.13498e-02
3.830769024e+00  2.2244842e-02  2.22448e-02
3.849922869e+00  2.2560893e-02  2.25609e-02
3.869172484e+00  2.4500172e-02  2.45002e-02
3.888518346e+00  2.6289953e-02  2.62900e-02
3.907960938e+00  2.7770120e-02  2.77701e-02
3.927500742e+00  2.8492090e-02  2.84921e-02
3.947138246e+00  2.9905933e-02  2.99059e-02
3.966873937e+00  3.1577291e-02  3.15773e-02
3.986708307e+00  3.3294079e-02  3.32941e-02
4.006641849e+00  3.4992400e-02  3.49924e-02
4.026675058e+00  3.6060662e-02  3.60607e-02
4.046808433e+00  3.8554998e-02  3.85550e-02
4.067042475e+00  3.9920288e-02  3.99203e-02
4.087377688e+00  4.1142022e-02  4.11420e-02
4.107814576e+00  4.3148192e-02  4.31482e-02
4.128353649e+00  4.4137347e-02  4.41373e-02
4.148995417e+00  4.7948195e-02  4.79482e-02
4.169740394e+00  4.6356037e-02  4.63560e-02
4.190589096e+00  5.3348669e-02  5.33487e-02
4.211542042e+00  6.3294086e-02  6.32941e-02
4.232599752e+00  6.5005046e-02  6.50050e-02
4.253762751e+00  6.7700663e-02  6.77007e-02
4.275031564e+00  6.8489937e-02  6.84899e-02
4.296406722e+00  7.4196899e-02  7.41969e-02
4.317888756e+00  7.6314805e-02  7.63148e-02
4.339478200e+00  7.8468869e-02  7.84689e-02
4.361175591e+00  8.0561765e-02  8.05618e-02
4.382981469e+00  8.2345343e-02  8.23453e-02
4.404896376e+00  8.5681480e-02  8.56815e-02
4.426920858e+00  8.6833245e-02  8.68332e-02
4.449055462e+00  8.3807030e-02  8.38070e-02
4.471300739e+00  8.1553613e-02  8.15536e-02
4.493657243e+00  7.8810308e-02  7.88103e-02
4.516125529e+00  7.6673152e-02  7.66732e-02
4.538706157e+00  8.6321833e-02  8.63218e-02
4.561399688e+00  9.6557378e-02  9.65574e-02
4.584206686e+00  8.3413751e-02  8.34138e-02
4.607127720e+00  8.9256394e-02  8.92564e-02
4.630163358e+00  9.1025493e-02  9.10255e-02
4.653314175e+00  9.5950836e-02  9.59508e-02
4.676580746e+00  1.0334635e-01  1.03346e-01
4.699963650e+00  1.0731344e-01  1.07313e-01
4.723463468e+00  1.1329084e-01  1.13291e-01
4.747080785e+00  1.2710637e-01  1.27106e-01
4.770816189e+00  1.3806904e-01  1.38069e-01
4.794670270e+00  1.6654744e-01  1.66547e-01
4.818643622e+00  1.7086107e-01  1.70861e-01
4.842736840e+00  1.7721296e-01  1.77213e-01
4.866950524e+00  2.4058574e-01  2.40586e-01
4.891285276e+00  4.7958922e-01  4.79589e-01
4.915741703e+00  8.2605168e-01  8.26052e-01
4.940320411e+00  1.0025186e+00  1.00252e+00
4.965022013e+00  1.1603503e+00  1.16035e+00
4.989847123e+00  1.3151561e+00  1.31516e+00
5.014796359e+00  1.0642719e+00  1.06427e+00
5.039870341e+00  1.4237167e+00  1.42372e+00
5.065069693e+00  1.3659143e+00  1.36591e+00
5.090395041e+00  1.0770539e+00  1.07705e+00
5.115847016e+00  1.2394708e+00  1.23947e+00
5.141426251e+00  8.2497882e-01  8.24979e-01
5.167133383e+00  8.5395745e-01  8.53957e-01
5.192969049e+00  8.2232480e-01  8.22325e-01
5.218933895e+00  6.5032517e-01  6.50325e-01
5.245028564e+00  6.0100395e-01  6.01004e-01
5.271253707e+00  4.7415099e-01  4.74151e-01
5.297609976e+00  3.0063724e-01  3.00637e-01
5.324098025e+00  3.4826576e-01  3.48266e-01
5.350718516e+00  2.9935057e-01  2.99351e-01
5.377472108e+00  2.9957366e-01  2.99574e-01
5.404359469e+00  3.0185919e-01  3.01859e-01
5.431381266e+00  3.0495147e-01  3.04951e-01
5.458538172e+00  3.3205257e-01  3.32053e-01
5.485830863e+00  3.4236214e-01  3.42362e-01
5.513260018e+00  3.6439806e-01  3.64398e-01
5.540826318e+00  3.8632315e-01  3.86323e-01
5.568530449e+00  3.8865550e-01  3.88655e-01
5.596373101e+00  4.1242557e-01  4.12426e-01
5.624354967e+00  4.3822017e-01  4.38220e-01
5.652476742e+00  4.7191576e-01  4.71916e-01
5.680739126e+00  4.8133186e-01  4.81332e-01
5.709142821e+00  4.8724539e-01  4.87245e-01
5.737688535e+00  5.0398251e-01  5.03983e-01
5.766376978e+00  5.2911899e-01  5.29119e-01
5.795208863e+00  5.3018064e-01  5.30181e-01
5.824184907e+00  5.8133940e-01  5.81339e-01
5.853305832e+00  5.9083998e-01  5.90840e-01
5.882572361e+00  5.6884393e-01  5.68844e-01
5.911985223e+00  6.0881993e-01  6.08820e-01
5.941545149e+00  6.2345962e-01  6.23460e-01
5.971252874e+00  6.4872487e-01  6.48725e-01
6.001109139e+00  6.6603625e-01  6.66036e-01
6.031114685e+00  6.7946963e-01  6.79470e-01
6.061270258e+00  7.0106402e-01  7.01064e-01
6.091576609e+00  7.2770662e-01  7.27707e-01
6.122034492e+00  7.4268854e-01  7.42689e-01
6.152644665e+00  7.6054211e-01  7.60542e-01
6.183407888e+00  7.8178940e-01  7.81789e-01
6.214324928e+00  8.0456817e-01  8.04568e-01
6.245396552e+00  8.2398948e-01  8.23989e-01
6.276623535e+00  8.2335148e-01  8.23351e-01
6.308006653e+00  8.4380956e-01  8.43810e-01
6.339546686e+00  8.8843565e-01  8.88436e-01
6.371244419e+00  9.0368276e-01  9.03683e-01
6.403100641e+00  9.2245793e-01  9.22458e-01
6.435116145e+00  9.4347160e-01  9.43472e-01
6.467291725e+00  9.4287430e-01  9.42874e-01
6.499628184e+00  8.9936472e-01  8.99365e-01
6.532126325e+00  1.0168716e+00  1.01687e+00
6.564786956e+00  9.9053242e-01  9.90532e-01
6.597610891e+00  1.0047015e+00  1.00470e+00
6.630598946e+00  1.0236293e+00  1.02363e+00
6.663751940e+00  1.0721946e+00  1.07219e+00
6.697070700e+00  1.0971223e+00  1.09712e+00
6.730556054e+00  1.1396299e+00  1.13963e+00
6.764208834e+00  1.1684348e+00  1.16843e+00
6.798029878e+00  1.1780127e+00  1.17801e+00
6.832020027e+00  1.1900103e+00  1.19001e+00
6.866180128e+00  1.2248157e+00  1.22482e+00
6.900511028e+00  1.2393429e+00  1.23934e+00
6.935013583e+00  1.2577086e+00  1.25771e+00
6.969688651e+00  1.2817335e+00  1.28173e+00
7.004537095e+00  1.3062289e+00  1.30623e+00
7.039559780e+00  1.3404635e+00  1.34046e+00
7.074757579e+00  1.3742182e+00  1.37422e+00
7.110131367e+00  1.3957005e+00  1.39570e+00
7.145682024e+00  1.4093584e+00  1.40936e+00
7.181410434e+00  1.4398383e+00  1.43984e+00
7.217317486e+00  1.4855418e+00  1.48554e+00
7.253404073e+00  1.5187101e+00  1.51871e+00
7.289671094e+00  1.5512806e+00  1.55128e+00
7.326119449e+00  1.5363587e+00  1.53636e+00
7.362750046e+00  1.4804975e+00  1.48050e+00
7.399563797e+00  1.4630304e+00  1.46303e+00
7.436561616e+00  1.4020792e+00  1.40208e+00
7.473744424e+00  1.5053647e+00  1.50536e+00
7.511113146e+00  1.5773920e+00  1.57739e+00
7.548668712e+00  1.6691450e+00  1.66915e+00
7.586412055e+00  1.7612690e+00  1.76127e+00
7.624344115e+00  1.8078309e+00  1.80783e+00
7.662465836e+00  1.0535107e+00  1.05351e+00
7.700778165e+00  1.3693551e+00  1.36936e+00
7.739282056e+00  1.6275075e+00  1.62751e+00
7.777978466e+00  1.7627294e+00  1.76273e+00
7.816868359e+00  1.8008507e+00  1.80085e+00
7.855952700e+00  1.8665359e+00  1.86654e+00
7.895232464e+00  1.8739306e+00  1.87393e+00
7.934708626e+00  1.8757973e+00  1.87580e+00
7.974382169e+00  1.9096223e+00  1.90962e+00
8.014254080e+00  1.9601220e+00  1.96012e+00
8.054325351e+00  1.9963867e+00  1.99639e+00
8.094596977e+00  2.0360458e+00  2.03605e+00
8.135069962e+00  2.0651873e+00  2.06519e+00
8.175745312e+00  2.1024185e+00  2.10242e+00
8.216624039e+00  2.1249568e+00  2.12496e+00
8.257707159e+00  2.1470366e+00  2.14704e+00
8.298995695e+00  2.1655783e+00  2.16558e+00
8.340490673e+00  2.2033067e+00  2.20331e+00
8.382193126e+00  2.2292693e+00  2.22927e+00
8.424104092e+00  2.2237677e+00  2.22377e+00
8.466224613e+00  2.2519147e+00  2.25191e+00
8.508555736e+00  2.2660895e+00  2.26609e+00
8.551098514e+00  2.2787565e+00  2.27876e+00
8.593854007e+00  2.3021668e+00  2.30217e+00
8.636823277e+00  2.3215814e+00  2.32158e+00
8.680007393e+00  2.3476291e+00  2.34763e+00
8.723407430e+00  2.3622280e+00  2.36223e+00
8.767024467e+00  2.3777464e+00  2.37775e+00
8.810859590e+00  2.3883085e+00  2.38831e+00
8.854913888e+00  2.4101909e+00  2.41019e+00
8.899188457e+00  2.4237287e+00  2.42373e+00
8.943684399e+00  2.4286505e+00  2.42865e+00
8.988402821e+00  2.4134534e+00  2.41345e+00
9.033344836e+00  2.4573055e+00  2.45731e+00
9.078511560e+00  2.4006145e+00  2.40061e+00
9.123904118e+00  2.4590905e+00  2.45909e+00
9.169523638e+00  2.4943225e+00  2.49432e+00
9.215371256e+00  2.4096438e+00  2.40964e+00
9.261448113e+00  2.4152120e+00  2.41521e+00
9.307755353e+00  2.4549180e+00  2.45492e+00
9.354294130e+00  2.4185306e+00  2.41853e+00
9.401065601e+00  2.3820450e+00  2.38205e+00
9.448070929e+00  2.4692703e+00  2.46927e+00
9.495311283e+00  2.4014175e+00  2.40142e+00
9.542787840e+00  2.3517550e+00  2.35175e+00
9.590501779e+00  2.4338859e+00  2.43389e+00
9.638454288e+00  2.4293650e+00  2.42937e+00
9.686646559e+00  2.4322591e+00  2.43226e+00
9.735079792e+00  2.5199991e+00  2.52000e+00
9.783755191e+00  2.6522719e+00  2.65227e+00
9.832673967e+00  3.0366268e+00  3.03663e+00
9.881837337e+00  2.7862266e+00  2.78623e+00
9.931246523e+00  3.3928516e+00  3.39285e+00
9.980902756e+00  3.6231725e+00  3.62317e+00
1.003080727e+01  3.7529911e+00  3.75299e+00
1.008096131e+01  3.5543672e+00  3.55437e+00
1.013136611e+01  5.1706218e+00  5.17062e+00
1.018202294e+01  4.9333455e+00  4.93335e+00
1.023293306e+01  4.3958636e+00  4.39586e+00
1.028409772e+01  5.1891780e+00  5.18918e+00
1.033551821e+01  5.8146057e+00  5.81461e+00
1.038719580e+01  5.7859061e+00  5.78591e+00
1.043913178e+01  6.0136202e+00  6.01362e+00
1.049132744e+01  6.2747534e+00  6.27475e+00
1.054378408e+01  6.2990949e+00  6.29909e+00
1.059650300e+01  6.2844529e+00  6.28445e+00
1.064948551e+01  6.5636876e+00  6.56369e+00
1.070273294e+01  6.7165907e+00  6.71659e+00
1.075624661e+01  6.7892963e+00  6.78930e+00
1.081002784e+01  7.0180363e+00  7.01804e+00
1.086407798e+01  7.0366215e+00  7.03662e+00
1.091839837e+01  7.1251291e+00  7.12513e+00
1.097299036e+01  7.1177865e+00  7.11779e+00
1.102785531e+01  7.1482078e+00  7.14821e+00
1.108299459e+01  7.1222074e+00  7.12221e+00
1.113840956e+01  7.1558250e+00  7.15583e+00
1.119410161e+01  7.1321673e+00  7.13217e+00
1.125007212e+01  7.1415267e+00  7.14153e+00
1.130632248e+01  7.1046933e+00  7.10469e+00
1.136285409e+01  7.1292504e+00  7.12925e+00
1.141966836e+01  7.0909054e+00  7.09091e+00
1.147676670e+01  7.0935489e+00  7.09355e+00
1.153415054e+01  7.0681499e+00  7.06815e+00
1.159182129e+01  7.0461285e+00  7.04613e+00
1.164978039e+01  7.0393874e+00  7.03939e+00
1.170802930e+01  6.9773732e+00  6.97737e+00
1.176656944e+01  6.7425047e+00  6.74250e+00
1.182540229e+01  6.7268999e+00  6.72690e+00
1.188452930e+01  6.6307087e+00  6.63071e+00
1.194395195e+01  6.5967262e+00  6.59673e+00
1.200367171e+01  6.5081012e+00  6.50810e+00
1.206369007e+01  6.1751600e+00  6.17516e+00
1.212400852e+01  6.2542559e+00  6.25426e+00
1.218462856e+01  6.0793930e+00  6.07939e+00
1.224555170e+01  5.8727870e+00  5.87279e+00
1.230677946e+01  5.6787168e+00  5.67872e+00
1.236831336e+01  5.4936919e+00  5.49369e+00
1.243015492e+01  5.3483313e+00  5.34833e+00
1.249230570e+01  5.2505048e+00  5.25050e+00
1.255476723e+01  5.1597006e+00  5.15970e+00
1.261754106e+01  3.9086391e+00  3.90864e+00
1.268062877e+01  5.1895059e+00  5.18951e+00
1.274403191e+01  4.9508212e+00  4.95082e+00
1.280775207e+01  4.7581350e+00  4.75814e+00
1.287179083e+01  4.5906331e+00  4.59063e+00
1.293614979e+01  4.3378361e+00  4.33784e+00
1.300083054e+01  4.0380338e+00  4.03803e+00
1.306583469e+01  3.9961010e+00  3.99610e+00
1.313116386e+01  3.4844779e+00  3.48448e+00
1.319681968e+01  2.9563505e+00  2.95635e+00
1.326280378e+01  2.8628883e+00  2.86289e+00
1.332911780e+01  2.8176645e+00  2.81766e+00
1.339576339e+01  2.7988787e+00  2.79888e+00
1.346274221e+01  2.8466522e+00  2.84665e+00
1.353005592e+01  2.9049609e+00  2.90496e+00
1.359770620e+01  2.8665706e+00  2.86657e+00
1.366569473e+01  2.8619313e+00  2.86193e+00
1.373402320e+01  2.8350338e+00  2.83503e+00
1.380269332e+01  2.8315702e+00  2.83157e+00
1.387170678e+01  3.0359814e+00  3.03598e+00
1.394106532e+01  2.9191141e+00  2.91911e+00
1.401077064e+01  2.9295378e+00  2.92954e+00
1.408082450e+01  2.9635787e+00  2.96358e+00
1.415122862e+01  2.9872725e+00  2.98727e+00
1.422198476e+01  3.0163955e+00  3.01640e+00
1.429309469e+01  3.0102531e+00  3.01025e+00
1.436456016e+01  3.0194826e+00  3.01948e+00
1.443638296e+01  3.0186270e+00  3.01863e+00
1.450856487e+01  3.0044864e+00  3.00449e+00
1.458110770e+01  3.0006634e+00  3.00066e+00
1.465401324e+01  2.9875232e+00  2.98752e+00
1.472728330e+01  2.9763621e+00  2.97636e+00
1.480091972e+01  2.9660404e+00  2.96604e+00
1.487492432e+01  2.9451332e+00  2.94513e+00
1.494929894e+01  2.7291942e+00  2.72919e+00
1.502404544e+01  2.8922062e+00  2.89221e+00
1.509916566e+01  2.8580988e+00  2.85810e+00
1.517466149e+01  2.8910291e+00  2.89103e+00
1.525053480e+01  2.8765596e+00  2.87656e+00
1.532678747e+01  2.8663613e+00  2.86636e+00
1.540342141e+01  2.8067172e+00  2.80672e+00
1.548043852e+01  2.8211915e+00  2.82119e+00
1.555784071e+01  2.8083836e+00  2.80838e+00
1.563562991e+01  2.7846874e+00  2.78469e+00
1.571380806e+01  2.7698315e+00  2.76983e+00
1.579237710e+01  2.7415503e+00  2.74155e+00
1.587133899e+01  2.7144819e+00  2.71448e+00
1.595069568e+01  2.6625406e+00  2.66254e+00
1.603044916e+01  2.6279216e+00  2.62792e+00
1.611060141e+01  2.5452809e+00  2.54528e+00
1.619115441e+01  2.6486338e+00  2.64863e+00
1.627211019e+01  2.5493990e+00  2.54940e+00
1.635347074e+01  2.4939825e+00  2.49398e+00
1.643523809e+01  2.5006568e+00  2.50066e+00
1.651741428e+01  2.4560438e+00  2.45604e+00
1.660000135e+01  2.4321935e+00  2.43219e+00
1.668300136e+01  2.4159332e+00  2.41593e+00
1.676641637e+01  2.4417250e+00  2.44172e+00
1.685024845e+01  2.3684119e+00  2.36841e+00
1.693449969e+01  2.3094758e+00  2.30948e+00
1.701917219e+01  2.2937827e+00  2.29378e+00
1.710426805e+01  2.2798681e+00  2.27987e+00
1.718978939e+01  2.2537622e+00  2.25376e+00
1.727573834e+01  2.2185220e+00  2.21852e+00
1.736211703e+01  2.2146410e+00  2.21464e+00
1.744892761e+01  2.1857212e+00  2.18572e+00
1.753617225e+01  2.1677087e+00  2.16771e+00
1.762385311e+01  2.1536389e+00  2.15364e+00
1.771197238e+01  2.1384628e+00  2.13846e+00
1.780053224e+01  2.1249445e+00  2.12494e+00
1.788953490e+01  2.1124131e+00  2.11241e+00
1.797898258e+01  2.0993173e+00  2.09932e+00
1.806887749e+01  2.0859283e+00  2.08593e+00
1.815922188e+01  2.0744169e+00  2.07442e+00
1.825001799e+01  2.0621410e+00  2.06214e+00
1.834126808e+01  2.0771372e+00  2.07714e+00
1.843297442e+01  2.0337851e+00  2.03379e+00
1.852513929e+01  2.0207106e+00  2.02071e+00
1.861776499e+01  2.0084002e+00  2.00840e+00
1.871085381e+01  1.9956484e+00  1.99565e+00
1.880440808e+01  1.9822132e+00  1.98221e+00
1.889843012e+01  1.9692518e+00  1.96925e+00
1.899292227e+01  1.9570167e+00  1.95702e+00
1.908788688e+01  1.9420590e+00  1.94206e+00
1.918332632e+01  1.9292025e+00  1.92920e+00
1.927924295e+01  1.9181873e+00  1.91819e+00
1.937563916e+01  1.9016511e+00  1.90165e+00
1.947251736e+01  1.8864648e+00  1.88646e+00
1.956987994e+01  1.8729592e+00  1.87296e+00
1.966772934e+01  1.8585784e+00  1.85858e+00
1.976606799e+01  1.8450883e+00  1.84509e+00
1.986489833e+01  1.8298979e+00  1.82990e+00
1.996422282e+01  1.8167735e+00  1.81677e+00
