# WARNING | PUMAS | The aerosols require higher scattering requirements, of NMAX:1 and LMAX:3, for the selected aerosols having a max g of 0.02.
# ------------------------------------------------------------------------
# Radiance spectrum
# NASA-GSFC Planetary Spectrum Generator (PSG) (Villanueva et al. 2018, 2022)
# Synthesized on Thu Nov 30 22:52:20 2023
# Doppler velocities [km/s] (vobs,vrot+vorb,vwidth,vrfl,vstr): 0.00000,-0.00000,0.01000,0.00000,0.00000
# ------------------------------------------------------------------------
# Spectra synthesized with the Planetary and Universal Model of Atmospheric Scattering (PUMAS, Villanueva et al. 2018, 2022)
# Single scattering radiative transfer method
# ------------------------------------------------------------------------
# Spectral unit: Wavelength [um]
# Radiance unit: Spectral radiance [W/sr/m2/um]
# Wave/freq Total Mars
4.000000000e-01  2.8369786e+01  2.83698e+01
4.020000000e-01  2.8508676e+01  2.85087e+01
4.040100000e-01  2.8650419e+01  2.86504e+01
4.060300500e-01  2.8777354e+01  2.87774e+01
4.080602003e-01  2.8885559e+01  2.88856e+01
4.101005013e-01  2.8987387e+01  2.89874e+01
4.121510038e-01  2.9136738e+01  2.91367e+01
4.142117588e-01  2.9228859e+01  2.92289e+01
4.162828176e-01  2.9389646e+01  2.93896e+01
4.183642317e-01  2.9472144e+01  2.94721e+01
4.204560528e-01  2.9556470e+01  2.95565e+01
4.225583331e-01  2.9640281e+01  2.96403e+01
4.246711247e-01  2.9713532e+01  2.97135e+01
4.267944804e-01  2.9859947e+01  2.98599e+01
4.289284528e-01  2.9963770e+01  2.99638e+01
4.310730950e-01  3.0013590e+01  3.00136e+01
4.332284605e-01  3.0108533e+01  3.01085e+01
4.353946028e-01  3.0133076e+01  3.01331e+01
4.375715758e-01  3.0296808e+01  3.02968e+01
4.397594337e-01  3.0231952e+01  3.02320e+01
4.419582309e-01  3.0356672e+01  3.03567e+01
4.441680220e-01  3.0350487e+01  3.03505e+01
4.463888621e-01  3.0493156e+01  3.04932e+01
4.486208064e-01  3.0468890e+01  3.04689e+01
4.508639105e-01  3.0563495e+01  3.05635e+01
4.531182300e-01  3.0633788e+01  3.06338e+01
4.553838212e-01  3.0670034e+01  3.06700e+01
4.576607403e-01  3.0582130e+01  3.05821e+01
4.599490440e-01  3.0473392e+01  3.04734e+01
4.622487892e-01  3.0476102e+01  3.04761e+01
4.645600332e-01  3.0630738e+01  3.06307e+01
4.668828333e-01  3.0740517e+01  3.07405e+01
4.692172475e-01  3.0714396e+01  3.07144e+01
4.715633337e-01  3.0733112e+01  3.07331e+01
4.739211504e-01  3.0665042e+01  3.06650e+01
4.762907561e-01  3.0576077e+01  3.05761e+01
4.786722099e-01  3.0325885e+01  3.03259e+01
4.810655710e-01  3.0059366e+01  3.00594e+01
4.834708988e-01  3.0129333e+01  3.01293e+01
4.858882533e-01  3.0269204e+01  3.02692e+01
4.883176946e-01  3.0289846e+01  3.02898e+01
4.907592831e-01  3.0238347e+01  3.02383e+01
4.932130795e-01  3.0200739e+01  3.02007e+01
4.956791449e-01  3.0096451e+01  3.00965e+01
4.981575406e-01  2.9952265e+01  2.99523e+01
5.006483283e-01  2.9539511e+01  2.95395e+01
5.031515699e-01  2.8965829e+01  2.89658e+01
5.056673278e-01  2.8699390e+01  2.86994e+01
5.081956644e-01  2.8853813e+01  2.88538e+01
5.107366428e-01  2.8946822e+01  2.89468e+01
5.132903260e-01  2.8930566e+01  2.89306e+01
5.158567776e-01  2.8797813e+01  2.87978e+01
5.184360615e-01  2.8622138e+01  2.86221e+01
5.210282418e-01  2.8401003e+01  2.84010e+01
5.236333830e-01  2.8011016e+01  2.80110e+01
5.262515499e-01  2.7408697e+01  2.74087e+01
5.288828077e-01  2.6925042e+01  2.69250e+01
5.315272217e-01  2.6508610e+01  2.65086e+01
5.341848578e-01  2.6375459e+01  2.63755e+01
5.368557821e-01  2.6389202e+01  2.63892e+01
5.395400610e-01  2.6157687e+01  2.61577e+01
5.422377613e-01  2.5618084e+01  2.56181e+01
5.449489501e-01  2.5420663e+01  2.54207e+01
5.476736949e-01  2.5414326e+01  2.54143e+01
5.504120634e-01  2.5284145e+01  2.52841e+01
5.531641237e-01  2.5086379e+01  2.50864e+01
5.559299443e-01  2.4821832e+01  2.48218e+01
5.587095940e-01  2.4360810e+01  2.43608e+01
5.615031420e-01  2.3767341e+01  2.37673e+01
5.643106577e-01  2.3207960e+01  2.32080e+01
5.671322110e-01  2.2876572e+01  2.28766e+01
5.699678720e-01  2.2480819e+01  2.24808e+01
5.728177114e-01  2.2170768e+01  2.21708e+01
5.756818000e-01  2.2149068e+01  2.21491e+01
5.785602090e-01  2.2375347e+01  2.23753e+01
5.814530100e-01  2.2690930e+01  2.26909e+01
5.843602750e-01  2.2878522e+01  2.28785e+01
5.872820764e-01  2.2912688e+01  2.29127e+01
5.902184868e-01  2.2705648e+01  2.27056e+01
5.931695792e-01  2.2307143e+01  2.23071e+01
5.961354271e-01  2.1777853e+01  2.17779e+01
5.991161043e-01  2.1291486e+01  2.12915e+01
6.021116848e-01  2.1117992e+01  2.11180e+01
6.051222432e-01  2.1293297e+01  2.12933e+01
6.081478544e-01  2.1639193e+01  2.16392e+01
6.111885937e-01  2.2046379e+01  2.20464e+01
6.142445367e-01  2.1961224e+01  2.19612e+01
6.173157594e-01  2.1659291e+01  2.16593e+01
6.204023382e-01  2.1316412e+01  2.13164e+01
6.235043498e-01  2.2939904e+01  2.29399e+01
6.266218716e-01  2.4150905e+01  2.41509e+01
6.297549810e-01  2.4704361e+01  2.47044e+01
6.329037559e-01  2.5150052e+01  2.51501e+01
6.360682746e-01  2.5620168e+01  2.56202e+01
6.392486160e-01  2.6113659e+01  2.61137e+01
6.424448591e-01  2.6550554e+01  2.65506e+01
6.456570834e-01  2.6945047e+01  2.69450e+01
6.488853688e-01  2.7203218e+01  2.72032e+01
6.521297956e-01  2.7599628e+01  2.75996e+01
6.553904446e-01  2.7846826e+01  2.78468e+01
6.586673968e-01  2.8204000e+01  2.82040e+01
6.619607338e-01  2.8473151e+01  2.84732e+01
6.652705375e-01  2.8305290e+01  2.83053e+01
6.685968902e-01  2.9029209e+01  2.90292e+01
6.719398746e-01  2.9977241e+01  2.99772e+01
6.752995740e-01  3.0666415e+01  3.06664e+01
6.786760719e-01  3.1084885e+01  3.10849e+01
6.820694522e-01  3.1101205e+01  3.11012e+01
6.854797995e-01  3.1304956e+01  3.13050e+01
6.889071985e-01  3.1746980e+01  3.17470e+01
6.923517345e-01  3.1840738e+01  3.18407e+01
6.958134932e-01  3.1538510e+01  3.15385e+01
6.992925606e-01  3.0948310e+01  3.09483e+01
7.027890234e-01  3.0238898e+01  3.02389e+01
7.063029686e-01  3.1359069e+01  3.13591e+01
7.098344834e-01  3.2257403e+01  3.22574e+01
7.133836558e-01  3.2403177e+01  3.24032e+01
7.169505741e-01  2.8486013e+01  2.84860e+01
7.205353270e-01  2.3442012e+01  2.34420e+01
7.241380036e-01  1.8667731e+01  1.86677e+01
7.277586936e-01  1.4029521e+01  1.40295e+01
7.313974871e-01  2.1048189e+01  2.10482e+01
7.350544745e-01  2.7646495e+01  2.76465e+01
7.387297469e-01  3.1126223e+01  3.11262e+01
7.424233956e-01  3.3172857e+01  3.31729e+01
7.461355126e-01  3.3266720e+01  3.32667e+01
7.498661902e-01  3.3265891e+01  3.32659e+01
7.536155211e-01  3.3493400e+01  3.34934e+01
7.573835987e-01  3.3435398e+01  3.34354e+01
7.611705167e-01  3.2199480e+01  3.21995e+01
7.649763693e-01  3.2170121e+01  3.21701e+01
7.688012511e-01  3.2203512e+01  3.22035e+01
7.726452574e-01  3.1561314e+01  3.15613e+01
7.765084837e-01  3.0447594e+01  3.04476e+01
7.803910261e-01  2.7896539e+01  2.78965e+01
7.842929812e-01  2.6486173e+01  2.64862e+01
7.882144461e-01  2.7716838e+01  2.77168e+01
7.921555184e-01  2.6897363e+01  2.68974e+01
7.961162960e-01  2.5031571e+01  2.50316e+01
8.000968774e-01  2.5661726e+01  2.56617e+01
8.040973618e-01  2.7483324e+01  2.74833e+01
8.081178486e-01  2.8973849e+01  2.89738e+01
8.121584379e-01  2.8903959e+01  2.89040e+01
8.162192301e-01  2.7178781e+01  2.71788e+01
8.203003262e-01  2.9013905e+01  2.90139e+01
8.244018279e-01  2.9059495e+01  2.90595e+01
8.285238370e-01  2.9108772e+01  2.91088e+01
8.326664562e-01  2.9844903e+01  2.98449e+01
8.368297885e-01  2.8155412e+01  2.81554e+01
8.410139374e-01  2.5547148e+01  2.55471e+01
8.452190071e-01  2.7403255e+01  2.74033e+01
8.494451021e-01  2.8201231e+01  2.82012e+01
8.536923276e-01  2.5511334e+01  2.55113e+01
8.579607893e-01  1.8898955e+01  1.88990e+01
8.622505932e-01  9.9292856e+00  9.92929e+00
8.665618462e-01  1.1879703e+01  1.18797e+01
8.708946554e-01  1.3324492e+01  1.33245e+01
8.752491287e-01  1.6220720e+01  1.62207e+01
8.796253743e-01  5.1605773e+00  5.16058e+00
8.840235012e-01  5.2782460e-01  5.27825e-01
8.884436187e-01  4.4304212e-01  4.43042e-01
8.928858368e-01  5.5564876e-01  5.55649e-01
8.973502660e-01  7.2399971e-01  7.24000e-01
9.018370173e-01  1.8586251e+00  1.85863e+00
9.063462024e-01  1.0742871e+01  1.07429e+01
9.108779334e-01  1.5766435e+01  1.57664e+01
9.154323231e-01  1.8465090e+01  1.84651e+01
9.200094847e-01  2.2151692e+01  2.21517e+01
9.246095321e-01  2.3619827e+01  2.36198e+01
9.292325798e-01  2.0549259e+01  2.05493e+01
9.338787427e-01  1.2447377e+01  1.24474e+01
9.385481364e-01  1.5384981e+01  1.53850e+01
9.432408771e-01  1.5286764e+01  1.52868e+01
9.479570815e-01  1.4821506e+01  1.48215e+01
9.526968669e-01  1.3024015e+01  1.30240e+01
9.574603512e-01  1.3596269e+01  1.35963e+01
9.622476530e-01  8.0839739e+00  8.08397e+00
9.670588912e-01  7.2645680e+00  7.26457e+00
9.718941857e-01  1.6879233e+00  1.68792e+00
9.767536566e-01  2.1505308e+00  2.15053e+00
9.816374249e-01  1.2383513e+00  1.23835e+00
9.865456120e-01  1.1734667e+00  1.17347e+00
9.914783401e-01  6.3572237e-01  6.35722e-01
9.964357318e-01  6.8352345e-01  6.83523e-01
1.001417910e+00  5.5725183e-01  5.57252e-01
1.006425000e+00  6.5885951e-01  6.58860e-01
1.011457125e+00  7.5368662e-01  7.53687e-01
1.016514411e+00  9.9788989e-01  9.97890e-01
1.021596983e+00  1.9103941e+00  1.91039e+00
1.026704968e+00  3.4061217e+00  3.40612e+00
1.031838492e+00  7.8228995e+00  7.82290e+00
1.036997685e+00  1.0261411e+01  1.02614e+01
1.042182673e+00  1.3985784e+01  1.39858e+01
1.047393587e+00  1.6180057e+01  1.61801e+01
1.052630555e+00  1.5056815e+01  1.50568e+01
1.057893707e+00  2.0511542e+01  2.05115e+01
1.063183176e+00  1.8971561e+01  1.89716e+01
1.068499092e+00  1.9525377e+01  1.95254e+01
1.073841587e+00  1.9947494e+01  1.99475e+01
1.079210795e+00  1.9716973e+01  1.97170e+01
1.084606849e+00  1.9227835e+01  1.92278e+01
1.090029883e+00  1.5440171e+01  1.54402e+01
1.095480033e+00  1.2604941e+01  1.26049e+01
1.100957433e+00  1.3966610e+01  1.39666e+01
1.106462220e+00  8.7443689e+00  8.74437e+00
1.111994531e+00  3.0192881e+00  3.01929e+00
1.117554504e+00  1.0503172e+00  1.05032e+00
1.123142276e+00  3.0782766e-01  3.07828e-01
1.128757988e+00  8.0454623e-02  8.04546e-02
1.134401778e+00  9.3246303e-02  9.32463e-02
1.140073787e+00  1.4464392e-01  1.44644e-01
1.145774156e+00  1.0873952e-01  1.08740e-01
1.151503026e+00  5.0404093e-02  5.04041e-02
1.157260541e+00  4.6050861e-02  4.60509e-02
1.163046844e+00  3.4354574e-02  3.43546e-02
1.168862078e+00  4.5514721e-02  4.55147e-02
1.174706389e+00  6.3409352e-02  6.34094e-02
1.180579921e+00  9.1227644e-02  9.12276e-02
1.186482820e+00  1.1292432e-01  1.12924e-01
1.192415234e+00  2.6681361e-01  2.66814e-01
1.198377311e+00  8.5323326e-01  8.53233e-01
1.204369197e+00  1.1976126e+00  1.19761e+00
1.210391043e+00  2.4873098e+00  2.48731e+00
1.216442998e+00  5.1548686e+00  5.15487e+00
1.222525213e+00  1.7905520e+00  1.79055e+00
1.228637839e+00  5.4219867e+00  5.42199e+00
1.234781029e+00  6.6828588e+00  6.68286e+00
1.240954934e+00  1.0198081e+01  1.01981e+01
1.247159708e+00  1.1469498e+01  1.14695e+01
1.253395507e+00  1.1970408e+01  1.19704e+01
1.259662485e+00  1.2264088e+01  1.22641e+01
1.265960797e+00  1.2178097e+01  1.21781e+01
1.272290601e+00  1.2824106e+01  1.28241e+01
1.278652054e+00  1.2923395e+01  1.29234e+01
1.285045314e+00  1.2503233e+01  1.25032e+01
1.291470541e+00  7.8730890e+00  7.87309e+00
1.297927893e+00  8.9318700e+00  8.93187e+00
1.304417533e+00  4.9744973e+00  4.97450e+00
1.310939621e+00  1.5551530e+00  1.55515e+00
1.317494319e+00  5.4132647e-01  5.41326e-01
1.324081790e+00  7.1715568e-01  7.17156e-01
1.330702199e+00  1.9824213e-01  1.98242e-01
1.337355710e+00  6.3495563e-02  6.34956e-02
1.344042489e+00  2.4627564e-02  2.46276e-02
1.350762701e+00  1.9758222e-02  1.97582e-02
1.357516515e+00  1.2521469e-02  1.25215e-02
1.364304097e+00  1.3739930e-02  1.37399e-02
1.371125618e+00  1.4313505e-02  1.43135e-02
1.377981246e+00  1.1279499e-02  1.12795e-02
1.384871152e+00  9.6069107e-03  9.60691e-03
1.391795508e+00  1.0578350e-02  1.05784e-02
1.398754485e+00  1.0401518e-02  1.04015e-02
1.405748258e+00  9.0698629e-03  9.06986e-03
1.412776999e+00  1.4428081e-02  1.44281e-02
1.419840884e+00  2.1368827e-02  2.13688e-02
1.426940089e+00  2.8662456e-02  2.86625e-02
1.434074789e+00  5.5580785e-03  5.55808e-03
1.441245163e+00  1.7585271e-02  1.75853e-02
1.448451389e+00  1.5143121e-01  1.51431e-01
1.455693646e+00  5.1348416e-01  5.13484e-01
1.462972114e+00  1.0437545e+00  1.04375e+00
1.470286975e+00  5.0010452e-01  5.00105e-01
1.477638409e+00  5.7980638e-01  5.79806e-01
1.485026601e+00  1.6660409e+00  1.66604e+00
1.492451734e+00  3.2031866e+00  3.20319e+00
1.499913993e+00  4.1682819e+00  4.16828e+00
1.507413563e+00  5.0635802e+00  5.06358e+00
1.514950631e+00  5.8438272e+00  5.84383e+00
1.522525384e+00  5.8047123e+00  5.80471e+00
1.530138011e+00  1.5603242e+00  1.56032e+00
1.537788701e+00  4.7219130e-01  4.72191e-01
1.545477645e+00  4.2821802e+00  4.28218e+00
1.553205033e+00  6.9027366e+00  6.90274e+00
1.560971058e+00  5.1462559e+00  5.14626e+00
1.568775913e+00  9.2578921e-01  9.25789e-01
1.576619793e+00  1.1503030e-02  1.15030e-02
1.584502892e+00  1.4596066e+00  1.45961e+00
1.592425406e+00  4.3316858e+00  4.33169e+00
1.600387533e+00  2.2926506e-01  2.29265e-01
1.608389471e+00  1.9141636e-02  1.91416e-02
1.616431418e+00  3.4723162e-01  3.47232e-01
1.624513575e+00  8.0429015e-02  8.04290e-02
1.632636143e+00  6.2027636e-03  6.20276e-03
1.640799324e+00  4.8788436e-03  4.87884e-03
1.649003321e+00  2.1188451e-03  2.11885e-03
1.657248337e+00  5.3402865e-03  5.34029e-03
1.665534579e+00  2.2863979e-03  2.28640e-03
1.673862252e+00  4.3889359e-03  4.38894e-03
1.682231563e+00  4.2190956e-03  4.21910e-03
1.690642721e+00  2.6576256e-03  2.65763e-03
1.699095934e+00  1.8479403e-03  1.84794e-03
1.707591414e+00  9.1778406e-04  9.17784e-04
1.716129371e+00  2.0662974e-03  2.06630e-03
1.724710018e+00  8.9483017e-04  8.94830e-04
1.733333568e+00  1.7144941e-03  1.71449e-03
1.742000236e+00  2.7924707e-03  2.79247e-03
1.750710237e+00  3.5796014e-03  3.57960e-03
1.759463788e+00  3.5161959e-03  3.51620e-03
1.768261107e+00  1.8030613e-03  1.80306e-03
1.777102413e+00  1.6840937e-03  1.68409e-03
1.785987925e+00  1.6852716e-03  1.68527e-03
1.794917864e+00  2.4286204e-03  2.42862e-03
1.803892454e+00  3.5842608e-03  3.58426e-03
1.812911916e+00  4.9197262e-03  4.91973e-03
1.821976476e+00  5.2660784e-03  5.26608e-03
1.831086358e+00  6.9532471e-03  6.95325e-03
1.840241790e+00  4.9783675e-03  4.97837e-03
1.849442999e+00  6.2081235e-03  6.20812e-03
1.858690214e+00  9.2184502e-03  9.21845e-03
1.867983665e+00  1.8779158e-02  1.87792e-02
1.877323583e+00  1.0168402e-02  1.01684e-02
1.886710201e+00  2.4501768e-02  2.45018e-02
1.896143752e+00  4.1847385e-02  4.18474e-02
1.905624471e+00  2.5348781e-02  2.53488e-02
1.915152593e+00  4.2168317e-02  4.21683e-02
1.924728356e+00  9.6565572e-02  9.65656e-02
1.934351998e+00  2.4790714e-01  2.47907e-01
1.944023758e+00  5.7210332e-02  5.72103e-02
1.953743877e+00  2.0179906e-04  2.01799e-04
1.963512596e+00  6.7595356e-05  6.75954e-05
1.973330159e+00  8.0516936e-04  8.05169e-04
1.983196810e+00  4.9279241e-02  4.92792e-02
1.993112794e+00  5.4308444e-03  5.43084e-03
2.003078358e+00  4.7884799e-05  4.78848e-05
2.013093750e+00  2.1733770e-05  2.17338e-05
2.023159218e+00  3.1395599e-04  3.13956e-04
2.033275015e+00  6.8766337e-04  6.87663e-04
2.043441390e+00  4.1378798e-04  4.13788e-04
2.053658597e+00  8.3707644e-05  8.37076e-05
2.063926890e+00  6.6872311e-05  6.68723e-05
2.074246524e+00  4.4277077e-04  4.42771e-04
2.084617757e+00  8.7563914e-04  8.75639e-04
2.095040845e+00  2.9851874e-03  2.98519e-03
2.105516050e+00  1.1597158e-01  1.15972e-01
2.116043630e+00  3.6936481e-01  3.69365e-01
2.126623848e+00  7.5135001e-01  7.51350e-01
2.137256967e+00  7.3576547e-01  7.35765e-01
2.147943252e+00  7.3557319e-02  7.35573e-02
2.158682968e+00  7.1919472e-03  7.19195e-03
2.169476383e+00  9.1611119e-04  9.16111e-04
2.180323765e+00  7.2114394e-03  7.21144e-03
2.191225384e+00  7.8062200e-03  7.80622e-03
2.202181511e+00  1.9546559e-04  1.95466e-04
2.213192418e+00  4.9734535e-04  4.97345e-04
2.224258381e+00  1.8085858e-04  1.80859e-04
2.235379672e+00  1.1289534e-04  1.12895e-04
2.246556571e+00  8.3644837e-05  8.36448e-05
2.257789354e+00  6.3186508e-05  6.31865e-05
2.269078300e+00  4.7422536e-05  4.74225e-05
2.280423692e+00  4.3476082e-05  4.34761e-05
2.291825810e+00  2.4452315e-05  2.44523e-05
2.303284939e+00  1.4078708e-05  1.40787e-05
2.314801364e+00  5.0482994e-05  5.04830e-05
2.326375371e+00  2.6741142e-05  2.67411e-05
2.338007248e+00  1.8552754e-05  1.85528e-05
2.349697284e+00  1.2217311e-05  1.22173e-05
2.361445770e+00  2.8173890e-05  2.81739e-05
2.373252999e+00  1.7052171e-05  1.70522e-05
2.385119264e+00  3.2557779e-05  3.25578e-05
2.397044861e+00  4.0667486e-05  4.06675e-05
2.409030085e+00  9.7872524e-05  9.78725e-05
2.421075235e+00  7.4019747e-05  7.40197e-05
2.433180612e+00  9.7453901e-05  9.74539e-05
2.445346515e+00  1.2558608e-04  1.25586e-04
2.457573247e+00  1.3340294e-03  1.33403e-03
2.469861113e+00  1.5062147e-03  1.50621e-03
2.482210419e+00  1.2942906e-03  1.29429e-03
2.494621471e+00  3.1722580e-03  3.17226e-03
2.507094578e+00  3.0412758e-03  3.04128e-03
2.519630051e+00  8.9203806e-04  8.92038e-04
2.532228202e+00  7.0765364e-04  7.07654e-04
2.544889343e+00  5.0117125e-04  5.01171e-04
2.557613789e+00  1.1630317e-04  1.16303e-04
2.570401858e+00  6.9018586e-05  6.90186e-05
2.583253867e+00  1.0042992e-04  1.00430e-04
2.596170137e+00  8.6603113e-05  8.66031e-05
2.609150988e+00  1.2878539e-04  1.28785e-04
2.622196742e+00  4.0362612e-04  4.03626e-04
2.635307726e+00  9.5881438e-04  9.58814e-04
2.648484265e+00  1.5825553e-03  1.58256e-03
2.661726686e+00  1.3581133e-04  1.35811e-04
2.675035320e+00  6.4675491e-07  6.46755e-07
2.688410496e+00  1.2926680e-07  1.29267e-07
2.701852549e+00  1.3062712e-07  1.30627e-07
2.715361811e+00  8.8436958e-07  8.84370e-07
2.728938620e+00  3.1816023e-06  3.18160e-06
2.742583314e+00  1.1437575e-06  1.14376e-06
2.756296230e+00  1.9412521e-07  1.94125e-07
2.770077711e+00  2.1524237e-07  2.15242e-07
2.783928100e+00  2.8715966e-07  2.87160e-07
2.797847740e+00  1.0701477e-06  1.07015e-06
2.811836979e+00  2.4792853e-06  2.47929e-06
2.825896164e+00  4.5884983e-06  4.58850e-06
2.840025645e+00  7.1953144e-06  7.19531e-06
2.854225773e+00  2.0604314e-05  2.06043e-05
2.868496902e+00  6.6202829e-05  6.62028e-05
2.882839386e+00  3.4326077e-03  3.43261e-03
2.897253583e+00  5.9512834e-02  5.95128e-02
2.911739851e+00  1.4953583e-01  1.49536e-01
2.926298550e+00  2.7944918e-01  2.79449e-01
2.940930043e+00  2.3315779e-01  2.33158e-01
2.955634693e+00  2.3153396e-01  2.31534e-01
2.970412867e+00  2.3017368e-02  2.30174e-02
2.985264931e+00  1.0353480e-02  1.03535e-02
3.000191256e+00  1.9429439e-01  1.94294e-01
3.015192212e+00  3.5974364e-02  3.59744e-02
3.030268173e+00  1.6540749e-01  1.65407e-01
3.045419514e+00  1.6182372e-01  1.61824e-01
3.060646612e+00  1.6861872e-01  1.68619e-01
3.075949845e+00  2.2797154e-01  2.27972e-01
3.091329594e+00  1.0215148e-01  1.02151e-01
3.106786242e+00  7.6838984e-02  7.68390e-02
3.122320173e+00  2.9814420e-02  2.98144e-02
3.137931774e+00  1.3324441e-02  1.33244e-02
3.153621433e+00  2.5450774e-04  2.54508e-04
3.169389540e+00  6.8944444e-05  6.89444e-05
3.185236488e+00  1.0267244e-05  1.02672e-05
3.201162670e+00  6.0593555e-06  6.05936e-06
3.217168483e+00  5.3574976e-06  5.35750e-06
3.233254326e+00  5.4173407e-06  5.41734e-06
3.249420598e+00  5.7324707e-06  5.73247e-06
3.265667701e+00  6.2559704e-06  6.25597e-06
3.281996039e+00  7.3729158e-06  7.37292e-06
3.298406019e+00  7.8810421e-06  7.88104e-06
3.314898049e+00  7.9929178e-06  7.99292e-06
3.331472540e+00  9.3009958e-06  9.30100e-06
3.348129902e+00  1.0146427e-05  1.01464e-05
3.364870552e+00  1.0972305e-05  1.09723e-05
3.381694905e+00  1.2012637e-05  1.20126e-05
3.398603379e+00  1.3374580e-05  1.33746e-05
3.415596396e+00  1.4938200e-05  1.49382e-05
3.432674378e+00  1.6618183e-05  1.66182e-05
3.449837750e+00  1.8324408e-05  1.83244e-05
3.467086939e+00  2.0380584e-05  2.03806e-05
3.484422373e+00  2.1232600e-05  2.12326e-05
3.501844485e+00  2.4006448e-05  2.40064e-05
3.519353708e+00  2.8168404e-05  2.81684e-05
3.536950476e+00  2.6985386e-05  2.69854e-05
3.554635228e+00  3.0546886e-05  3.05469e-05
3.572408405e+00  3.3000192e-05  3.30002e-05
3.590270447e+00  3.6435136e-05  3.64351e-05
3.608221799e+00  4.0112340e-05  4.01123e-05
3.626262908e+00  4.5101738e-05  4.51017e-05
3.644394222e+00  4.8125641e-05  4.81256e-05
3.662616193e+00  7.0938755e-05  7.09388e-05
3.680929274e+00  9.2687268e-05  9.26873e-05
3.699333921e+00  1.6799463e-04  1.67995e-04
3.717830590e+00  2.6996199e-04  2.69962e-04
3.736419743e+00  7.2633908e-05  7.26339e-05
3.755101842e+00  2.4363692e-04  2.43637e-04
3.773877351e+00  8.9255698e-05  8.92557e-05
3.792746738e+00  9.0712022e-05  9.07120e-05
3.811710472e+00  1.2125149e-04  1.21251e-04
3.830769024e+00  4.6801324e-04  4.68013e-04
3.849922869e+00  1.9230891e-04  1.92309e-04
3.869172484e+00  2.0025085e-04  2.00251e-04
3.888518346e+00  3.1212185e-04  3.12122e-04
3.907960938e+00  3.5805719e-04  3.58057e-04
3.927500742e+00  8.8784831e-04  8.87848e-04
3.947138246e+00  9.9224803e-04  9.92248e-04
3.966873937e+00  1.7630348e-03  1.76303e-03
3.986708307e+00  1.5888367e-03  1.58884e-03
4.006641849e+00  5.7682124e-04  5.76821e-04
4.026675058e+00  7.4530823e-04  7.45308e-04
4.046808433e+00  3.7884953e-04  3.78850e-04
4.067042475e+00  3.3588305e-04  3.35883e-04
4.087377688e+00  3.0045877e-04  3.00459e-04
4.107814576e+00  3.0387065e-04  3.03871e-04
4.128353649e+00  3.2324172e-04  3.23242e-04
4.148995417e+00  3.4540474e-04  3.45405e-04
4.169740394e+00  3.6875568e-04  3.68756e-04
4.190589096e+00  3.9547058e-04  3.95471e-04
4.211542042e+00  4.2452243e-04  4.24522e-04
4.232599752e+00  4.5550374e-04  4.55504e-04
4.253762751e+00  4.8851454e-04  4.88515e-04
4.275031564e+00  5.2367034e-04  5.23670e-04
4.296406722e+00  5.6109247e-04  5.61092e-04
4.317888756e+00  6.0090807e-04  6.00908e-04
4.339478200e+00  6.4325003e-04  6.43250e-04
4.361175591e+00  6.8825640e-04  6.88256e-04
4.382981469e+00  7.3607393e-04  7.36074e-04
4.404896376e+00  7.8685057e-04  7.86851e-04
4.426920858e+00  8.4075045e-04  8.40750e-04
4.449055462e+00  8.9796178e-04  8.97962e-04
4.471300739e+00  9.5883567e-04  9.58836e-04
4.493657243e+00  1.0502501e-03  1.05025e-03
4.516125529e+00  1.0916639e-03  1.09166e-03
4.538706157e+00  1.1631768e-03  1.16318e-03
4.561399688e+00  1.2394128e-03  1.23941e-03
4.584206686e+00  1.3201454e-03  1.32015e-03
4.607127720e+00  1.4055401e-03  1.40554e-03
4.630163358e+00  1.4958176e-03  1.49582e-03
4.653314175e+00  1.5912176e-03  1.59122e-03
4.676580746e+00  1.6919536e-03  1.69195e-03
4.699963650e+00  1.7982778e-03  1.79828e-03
4.723463468e+00  1.9104834e-03  1.91048e-03
4.747080785e+00  2.0288365e-03  2.02884e-03
4.770816189e+00  2.1536155e-03  2.15362e-03
4.794670270e+00  2.2851122e-03  2.28511e-03
4.818643622e+00  2.4236266e-03  2.42363e-03
4.842736840e+00  2.5694308e-03  2.56943e-03
4.866950524e+00  2.7229780e-03  2.72298e-03
4.891285276e+00  2.9012269e-03  2.90123e-03
4.915741703e+00  6.1729121e-03  6.17291e-03
4.940320411e+00  1.4807052e-02  1.48071e-02
4.965022013e+00  9.5385236e-02  9.53852e-02
4.989847123e+00  3.7831314e-01  3.78313e-01
5.014796359e+00  5.9885565e-01  5.98856e-01
5.039870341e+00  9.5493015e-01  9.54930e-01
5.065069693e+00  8.4336918e-01  8.43369e-01
5.090395041e+00  3.6386125e-01  3.63861e-01
5.115847016e+00  2.6387182e-01  2.63872e-01
5.141426251e+00  3.5553903e-01  3.55539e-01
5.167133383e+00  2.9687342e-02  2.96873e-02
5.192969049e+00  6.0874214e-03  6.08742e-03
5.218933895e+00  5.9295048e-03  5.92950e-03
5.245028564e+00  1.1559421e-02  1.15594e-02
5.271253707e+00  1.2838522e-01  1.28385e-01
5.297609976e+00  2.8038258e-01  2.80383e-01
5.324098025e+00  5.0814148e-01  5.08141e-01
5.350718516e+00  3.7999135e-01  3.79991e-01
5.377472108e+00  6.5661934e-01  6.56619e-01
5.404359469e+00  6.6477782e-01  6.64778e-01
5.431381266e+00  4.8929470e-01  4.89295e-01
5.458538172e+00  4.4250337e-01  4.42503e-01
5.485830863e+00  5.9013568e-01  5.90136e-01
5.513260018e+00  6.2229347e-01  6.22293e-01
5.540826318e+00  4.9084314e-01  4.90843e-01
5.568530449e+00  3.9943675e-01  3.99437e-01
5.596373101e+00  4.7424559e-01  4.74246e-01
5.624354967e+00  4.3440465e-01  4.34405e-01
5.652476742e+00  4.4073845e-01  4.40738e-01
5.680739126e+00  4.5013168e-01  4.50132e-01
5.709142821e+00  4.7062610e-01  4.70626e-01
5.737688535e+00  4.2579063e-01  4.25791e-01
5.766376978e+00  4.3313204e-01  4.33132e-01
5.795208863e+00  4.6703143e-01  4.67031e-01
5.824184907e+00  4.6773879e-01  4.67739e-01
5.853305832e+00  4.4318363e-01  4.43184e-01
5.882572361e+00  5.0833969e-01  5.08340e-01
5.911985223e+00  3.6643308e-01  3.66433e-01
5.941545149e+00  4.7581434e-01  4.75814e-01
5.971252874e+00  4.4483202e-01  4.44832e-01
6.001109139e+00  2.7762846e-01  2.77628e-01
6.031114685e+00  3.6681681e-01  3.66817e-01
6.061270258e+00  3.8238792e-01  3.82388e-01
6.091576609e+00  1.1873809e-01  1.18738e-01
6.122034492e+00  1.3340618e-01  1.33406e-01
6.152644665e+00  1.5159472e-01  1.51595e-01
6.183407888e+00  1.7840051e-01  1.78401e-01
6.214324928e+00  1.1925548e-01  1.19255e-01
6.245396552e+00  1.1227726e-01  1.12277e-01
6.276623535e+00  3.2578001e-01  3.25780e-01
6.308006653e+00  3.7542150e-01  3.75422e-01
6.339546686e+00  2.0769383e-01  2.07694e-01
6.371244419e+00  4.3043976e-01  4.30440e-01
6.403100641e+00  3.0300743e-01  3.03007e-01
6.435116145e+00  1.6119327e-01  1.61193e-01
6.467291725e+00  4.4315475e-02  4.43155e-02
6.499628184e+00  4.2191001e-02  4.21910e-02
6.532126325e+00  2.5892384e-01  2.58924e-01
6.564786956e+00  6.5662921e-01  6.56629e-01
6.597610891e+00  6.3107944e-01  6.31079e-01
6.630598946e+00  5.8198345e-01  5.81983e-01
6.663751940e+00  3.1741938e-01  3.17419e-01
6.697070700e+00  2.0764890e-01  2.07649e-01
6.730556054e+00  2.1280100e-01  2.12801e-01
6.764208834e+00  1.1334752e-01  1.13348e-01
6.798029878e+00  8.9413771e-02  8.94138e-02
6.832020027e+00  6.8147408e-02  6.81474e-02
6.866180128e+00  7.3140485e-02  7.31405e-02
6.900511028e+00  9.3761734e-02  9.37617e-02
6.935013583e+00  9.4012894e-02  9.40129e-02
6.969688651e+00  9.9869527e-02  9.98695e-02
7.004537095e+00  1.2111383e-01  1.21114e-01
7.039559780e+00  1.2996814e-01  1.29968e-01
7.074757579e+00  1.0968427e-01  1.09684e-01
7.110131367e+00  1.3852223e-01  1.38522e-01
7.145682024e+00  1.3990498e-01  1.39905e-01
7.181410434e+00  1.5804266e-01  1.58043e-01
7.217317486e+00  8.6022769e-02  8.60228e-02
7.253404073e+00  8.6899869e-02  8.68999e-02
7.289671094e+00  8.9581826e-02  8.95818e-02
7.326119449e+00  9.2325402e-02  9.23254e-02
7.362750046e+00  9.5126912e-02  9.51269e-02
7.399563797e+00  9.7986700e-02  9.79867e-02
7.436561616e+00  1.0090507e-01  1.00905e-01
7.473744424e+00  1.0388231e-01  1.03882e-01
7.511113146e+00  1.0691866e-01  1.06919e-01
7.548668712e+00  1.1001435e-01  1.10014e-01
7.586412055e+00  1.1316956e-01  1.13170e-01
7.624344115e+00  1.1638445e-01  1.16384e-01
7.662465836e+00  1.1965916e-01  1.19659e-01
7.700778165e+00  1.2299376e-01  1.22994e-01
7.739282056e+00  1.2638834e-01  1.26388e-01
7.777978466e+00  1.2984292e-01  1.29843e-01
7.816868359e+00  1.3335748e-01  1.33357e-01
7.855952700e+00  1.3693201e-01  1.36932e-01
7.895232464e+00  1.4056642e-01  1.40566e-01
7.934708626e+00  1.4426060e-01  1.44261e-01
7.974382169e+00  1.4801440e-01  1.48014e-01
8.014254080e+00  1.5182766e-01  1.51828e-01
8.054325351e+00  1.5570014e-01  1.55700e-01
8.094596977e+00  1.5963159e-01  1.59632e-01
8.135069962e+00  1.6362210e-01  1.63622e-01
8.175745312e+00  1.6767136e-01  1.67671e-01
8.216624039e+00  1.7476866e-01  1.74769e-01
8.257707159e+00  1.8234428e-01  1.82344e-01
8.298995695e+00  2.3308696e-01  2.33087e-01
8.340490673e+00  2.0529412e-01  2.05294e-01
8.382193126e+00  2.9691536e-01  2.96915e-01
8.424104092e+00  5.0030304e-01  5.00303e-01
8.466224613e+00  4.3748369e-01  4.37484e-01
8.508555736e+00  6.5396894e-01  6.53969e-01
8.551098514e+00  4.0268831e-01  4.02688e-01
8.593854007e+00  3.7728021e-01  3.77280e-01
8.636823277e+00  3.3869062e-01  3.38691e-01
8.680007393e+00  6.6517013e-01  6.65170e-01
8.723407430e+00  8.8055561e-01  8.80556e-01
8.767024467e+00  1.1842585e+00  1.18426e+00
8.810859590e+00  1.6593399e+00  1.65934e+00
8.854913888e+00  1.9123032e+00  1.91230e+00
8.899188457e+00  1.6478997e+00  1.64790e+00
8.943684399e+00  1.9553329e+00  1.95533e+00
8.988402821e+00  2.7597480e+00  2.75975e+00
9.033344836e+00  2.5244460e+00  2.52445e+00
9.078511560e+00  3.5080100e+00  3.50801e+00
9.123904118e+00  2.8982790e+00  2.89828e+00
9.169523638e+00  2.1066213e+00  2.10662e+00
9.215371256e+00  1.5788625e+00  1.57886e+00
9.261448113e+00  1.2346683e+00  1.23467e+00
9.307755353e+00  1.0778324e+00  1.07783e+00
9.354294130e+00  1.1157609e+00  1.11576e+00
9.401065601e+00  5.6505149e-01  5.65051e-01
9.448070929e+00  3.0828260e-01  3.08283e-01
9.495311283e+00  3.1306476e-01  3.13065e-01
9.542787840e+00  3.2676045e-01  3.26760e-01
9.590501779e+00  4.0585486e-01  4.05855e-01
9.638454288e+00  3.2960944e-01  3.29609e-01
9.686646559e+00  3.3517586e-01  3.35176e-01
9.735079792e+00  3.4076813e-01  3.40768e-01
9.783755191e+00  3.4651358e-01  3.46514e-01
9.832673967e+00  3.5822203e-01  3.58222e-01
9.881837337e+00  4.9819325e-01  4.98193e-01
9.931246523e+00  1.4647707e+00  1.46477e+00
9.980902756e+00  3.0843241e+00  3.08432e+00
1.003080727e+01  4.8233214e+00  4.82332e+00
1.008096131e+01  5.2124937e+00  5.21249e+00
1.013136611e+01  4.0832731e+00  4.08327e+00
1.018202294e+01  3.0874439e+00  3.08744e+00
1.023293306e+01  2.2888561e+00  2.28886e+00
1.028409772e+01  2.0355208e+00  2.03552e+00
1.033551821e+01  2.2825829e+00  2.28258e+00
1.038719580e+01  3.8270154e+00  3.82702e+00
1.043913178e+01  3.0895777e+00  3.08958e+00
1.049132744e+01  2.5815129e+00  2.58151e+00
1.054378408e+01  2.5948525e+00  2.59485e+00
1.059650300e+01  2.8179545e+00  2.81795e+00
1.064948551e+01  3.3099570e+00  3.30996e+00
1.070273294e+01  3.9462101e+00  3.94621e+00
1.075624661e+01  4.7371810e+00  4.73718e+00
1.081002784e+01  5.1429603e+00  5.14296e+00
1.086407798e+01  5.4685982e+00  5.46860e+00
1.091839837e+01  5.9121277e+00  5.91213e+00
1.097299036e+01  6.1360526e+00  6.13605e+00
1.102785531e+01  6.2395534e+00  6.23955e+00
1.108299459e+01  6.3530193e+00  6.35302e+00
1.113840956e+01  6.5538813e+00  6.55388e+00
1.119410161e+01  6.7624830e+00  6.76248e+00
1.125007212e+01  6.8662105e+00  6.86621e+00
1.130632248e+01  6.9602981e+00  6.96030e+00
1.136285409e+01  6.9817989e+00  6.98180e+00
1.141966836e+01  6.9905102e+00  6.99051e+00
1.147676670e+01  6.9790711e+00  6.97907e+00
1.153415054e+01  6.9565119e+00  6.95651e+00
1.159182129e+01  6.6588226e+00  6.65882e+00
1.164978039e+01  6.8993998e+00  6.89940e+00
1.170802930e+01  6.7868915e+00  6.78689e+00
1.176656944e+01  6.7167115e+00  6.71671e+00
1.182540229e+01  6.6813125e+00  6.68131e+00
1.188452930e+01  6.5842855e+00  6.58429e+00
1.194395195e+01  6.5550852e+00  6.55509e+00
1.200367171e+01  6.3930394e+00  6.39304e+00
1.206369007e+01  5.0823672e+00  5.08237e+00
1.212400852e+01  5.6134996e+00  5.61350e+00
1.218462856e+01  4.9414480e+00  4.94145e+00
1.224555170e+01  4.1241196e+00  4.12412e+00
1.230677946e+01  3.4303359e+00  3.43034e+00
1.236831336e+01  2.8457688e+00  2.84577e+00
1.243015492e+01  2.5293089e+00  2.52931e+00
1.249230570e+01  2.4314236e+00  2.43142e+00
1.255476723e+01  2.4776031e+00  2.47760e+00
1.261754106e+01  1.2347233e+00  1.23472e+00
1.268062877e+01  2.7703052e+00  2.77031e+00
1.274403191e+01  2.5314150e+00  2.53141e+00
1.280775207e+01  2.3630961e+00  2.36310e+00
1.287179083e+01  2.3444513e+00  2.34445e+00
1.293614979e+01  2.1671117e+00  2.16711e+00
1.300083054e+01  1.7365181e+00  1.73652e+00
1.306583469e+01  1.4287969e+00  1.42880e+00
1.313116386e+01  9.7084879e-01  9.70849e-01
1.319681968e+01  7.1040135e-01  7.10401e-01
1.326280378e+01  6.6336389e-01  6.63364e-01
1.332911780e+01  6.6414128e-01  6.64141e-01
1.339576339e+01  6.6764343e-01  6.67643e-01
1.346274221e+01  6.7107187e-01  6.71072e-01
1.353005592e+01  6.7441855e-01  6.74419e-01
1.359770620e+01  6.7768259e-01  6.77683e-01
1.366569473e+01  6.8086318e-01  6.80863e-01
1.373402320e+01  6.8395951e-01  6.83960e-01
1.380269332e+01  6.8697084e-01  6.86971e-01
1.387170678e+01  6.8989644e-01  6.89896e-01
1.394106532e+01  6.9273564e-01  6.92736e-01
1.401077064e+01  6.9548780e-01  6.95488e-01
1.408082450e+01  6.9815231e-01  6.98152e-01
1.415122862e+01  7.0072862e-01  7.00729e-01
1.422198476e+01  7.0321620e-01  7.03216e-01
1.429309469e+01  7.0561456e-01  7.05615e-01
1.436456016e+01  7.0792326e-01  7.07923e-01
1.443638296e+01  7.1014189e-01  7.10142e-01
1.450856487e+01  7.1227008e-01  7.12270e-01
1.458110770e+01  7.1430751e-01  7.14308e-01
1.465401324e+01  7.1625387e-01  7.16254e-01
1.472728330e+01  7.1810893e-01  7.18109e-01
1.480091972e+01  7.1987246e-01  7.19872e-01
1.487492432e+01  7.2154428e-01  7.21544e-01
1.494929894e+01  7.2312426e-01  7.23124e-01
1.502404544e+01  7.2461230e-01  7.24612e-01
1.509916566e+01  7.2600833e-01  7.26008e-01
1.517466149e+01  7.2731232e-01  7.27312e-01
1.525053480e+01  7.2852428e-01  7.28524e-01
1.532678747e+01  7.2964426e-01  7.29644e-01
1.540342141e+01  7.3067234e-01  7.30672e-01
1.548043852e+01  7.3160863e-01  7.31609e-01
1.555784071e+01  7.3245330e-01  7.32453e-01
1.563562991e+01  7.3320651e-01  7.33207e-01
1.571380806e+01  7.3386851e-01  7.33869e-01
1.579237710e+01  7.3443953e-01  7.34440e-01
1.587133899e+01  7.3491987e-01  7.34920e-01
1.595069568e+01  7.3530986e-01  7.35310e-01
1.603044916e+01  7.3560983e-01  7.35610e-01
1.611060141e+01  7.3582019e-01  7.35820e-01
1.619115441e+01  7.3594135e-01  7.35941e-01
1.627211019e+01  7.3597375e-01  7.35974e-01
1.635347074e+01  7.3591787e-01  7.35918e-01
1.643523809e+01  7.3577422e-01  7.35774e-01
1.651741428e+01  7.3554334e-01  7.35543e-01
1.660000135e+01  7.3522580e-01  7.35226e-01
1.668300136e+01  7.3482217e-01  7.34822e-01
1.676641637e+01  7.3433309e-01  7.34333e-01
1.685024845e+01  7.3375921e-01  7.33759e-01
1.693449969e+01  7.3310121e-01  7.33101e-01
1.701917219e+01  7.3236459e-01  7.32365e-01
1.710426805e+01  7.3206145e-01  7.32061e-01
1.718978939e+01  7.4452290e-01  7.44523e-01
1.727573834e+01  7.9853807e-01  7.98538e-01
1.736211703e+01  8.9861549e-01  8.98615e-01
1.744892761e+01  1.2022775e+00  1.20228e+00
1.753617225e+01  1.5092828e+00  1.50928e+00
1.762385311e+01  1.7642257e+00  1.76423e+00
1.771197238e+01  1.9611480e+00  1.96115e+00
1.780053224e+01  2.0621550e+00  2.06216e+00
1.788953490e+01  2.1279047e+00  2.12790e+00
1.797898258e+01  2.2366399e+00  2.23664e+00
1.806887749e+01  2.2963121e+00  2.29631e+00
1.815922188e+01  2.2333250e+00  2.23332e+00
1.825001799e+01  2.1232967e+00  2.12330e+00
1.834126808e+01  1.1236827e+00  1.12368e+00
1.843297442e+01  2.3204988e+00  2.32050e+00
1.852513929e+01  2.5338822e+00  2.53388e+00
1.861776499e+01  2.3750084e+00  2.37501e+00
1.871085381e+01  2.3399394e+00  2.33994e+00
1.880440808e+01  2.2964633e+00  2.29646e+00
1.889843012e+01  2.3346170e+00  2.33462e+00
1.899292227e+01  2.1593947e+00  2.15939e+00
1.908788688e+01  2.4402975e+00  2.44030e+00
1.918332632e+01  2.4422169e+00  2.44222e+00
1.927924295e+01  2.1438661e+00  2.14387e+00
1.937563916e+01  2.2541071e+00  2.25411e+00
1.947251736e+01  2.7283308e+00  2.72833e+00
1.956987994e+01  2.4912476e+00  2.49125e+00
1.966772934e+01  2.3020685e+00  2.30207e+00
1.976606799e+01  2.1877770e+00  2.18778e+00
1.986489833e+01  2.1440379e+00  2.14404e+00
1.996422282e+01  2.2737826e+00  2.27378e+00
