# WARNING | PUMAS | The aerosols require higher scattering requirements, of NMAX:1 and LMAX:3, for the selected aerosols having a max g of 0.02.
# ------------------------------------------------------------------------
# Radiance spectrum
# NASA-GSFC Planetary Spectrum Generator (PSG) (Villanueva et al. 2018, 2022)
# Synthesized on Thu Nov 30 22:52:31 2023
# Doppler velocities [km/s] (vobs,vrot+vorb,vwidth,vrfl,vstr): 0.00000,-0.00000,0.01000,0.00000,0.00000
# ------------------------------------------------------------------------
# Spectra synthesized with the Planetary and Universal Model of Atmospheric Scattering (PUMAS, Villanueva et al. 2018, 2022)
# Single scattering radiative transfer method
# ------------------------------------------------------------------------
# Spectral unit: Wavelength [um]
# Radiance unit: Spectral radiance [W/sr/m2/um]
# Wave/freq Total Mars
4.000000000e-01  2.4472528e+01  2.44725e+01
4.020000000e-01  2.4604765e+01  2.46048e+01
4.040100000e-01  2.4778690e+01  2.47787e+01
4.060300500e-01  2.4812583e+01  2.48126e+01
4.080602003e-01  2.4716858e+01  2.47169e+01
4.101005013e-01  2.4538760e+01  2.45388e+01
4.121510038e-01  2.4921529e+01  2.49215e+01
4.142117588e-01  2.4621287e+01  2.46213e+01
4.162828176e-01  2.5414321e+01  2.54143e+01
4.183642317e-01  2.5114939e+01  2.51149e+01
4.204560528e-01  2.4852732e+01  2.48527e+01
4.225583331e-01  2.4834104e+01  2.48341e+01
4.246711247e-01  2.4824358e+01  2.48244e+01
4.267944804e-01  2.5501900e+01  2.55019e+01
4.289284528e-01  2.5468266e+01  2.54683e+01
4.310730950e-01  2.5094455e+01  2.50945e+01
4.332284605e-01  2.5494742e+01  2.54947e+01
4.353946028e-01  2.4703049e+01  2.47030e+01
4.375715758e-01  2.5967444e+01  2.59674e+01
4.397594337e-01  2.4936959e+01  2.49370e+01
4.419582309e-01  2.6356832e+01  2.63568e+01
4.441680220e-01  2.5279712e+01  2.52797e+01
4.463888621e-01  2.5714692e+01  2.57147e+01
4.486208064e-01  2.4918781e+01  2.49188e+01
4.508639105e-01  2.5927551e+01  2.59276e+01
4.531182300e-01  2.5907785e+01  2.59078e+01
4.553838212e-01  2.5988346e+01  2.59883e+01
4.576607403e-01  2.5735096e+01  2.57351e+01
4.599490440e-01  2.5569906e+01  2.55699e+01
4.622487892e-01  2.5537749e+01  2.55377e+01
4.645600332e-01  2.5711098e+01  2.57111e+01
4.668828333e-01  2.6166345e+01  2.61663e+01
4.692172475e-01  2.6506087e+01  2.65061e+01
4.715633337e-01  2.6572318e+01  2.65723e+01
4.739211504e-01  2.5442951e+01  2.54430e+01
4.762907561e-01  2.5894128e+01  2.58941e+01
4.786722099e-01  2.5917694e+01  2.59177e+01
4.810655710e-01  2.5626800e+01  2.56268e+01
4.834708988e-01  2.6729119e+01  2.67291e+01
4.858882533e-01  2.6586800e+01  2.65868e+01
4.883176946e-01  2.5611747e+01  2.56117e+01
4.907592831e-01  2.6254339e+01  2.62543e+01
4.932130795e-01  2.6239760e+01  2.62398e+01
4.956791449e-01  2.5527817e+01  2.55278e+01
4.981575406e-01  2.6807511e+01  2.68075e+01
5.006483283e-01  2.7057359e+01  2.70574e+01
5.031515699e-01  2.5604773e+01  2.56048e+01
5.056673278e-01  2.5040064e+01  2.50401e+01
5.081956644e-01  2.5782152e+01  2.57822e+01
5.107366428e-01  2.5316010e+01  2.53160e+01
5.132903260e-01  2.5880763e+01  2.58808e+01
5.158567776e-01  2.6617102e+01  2.66171e+01
5.184360615e-01  2.6132606e+01  2.61326e+01
5.210282418e-01  2.6044420e+01  2.60444e+01
5.236333830e-01  2.5802591e+01  2.58026e+01
5.262515499e-01  2.4451394e+01  2.44514e+01
5.288828077e-01  2.4808875e+01  2.48089e+01
5.315272217e-01  2.4514323e+01  2.45143e+01
5.341848578e-01  2.4935038e+01  2.49350e+01
5.368557821e-01  2.5610224e+01  2.56102e+01
5.395400610e-01  2.5074634e+01  2.50746e+01
5.422377613e-01  2.4433493e+01  2.44335e+01
5.449489501e-01  2.4056598e+01  2.40566e+01
5.476736949e-01  2.4058700e+01  2.40587e+01
5.504120634e-01  2.4180476e+01  2.41805e+01
5.531641237e-01  2.4141487e+01  2.41415e+01
5.559299443e-01  2.4541871e+01  2.45419e+01
5.587095940e-01  2.4363946e+01  2.43639e+01
5.615031420e-01  2.3659561e+01  2.36596e+01
5.643106577e-01  2.2429503e+01  2.24295e+01
5.671322110e-01  2.2883897e+01  2.28839e+01
5.699678720e-01  2.2281948e+01  2.22819e+01
5.728177114e-01  2.2101474e+01  2.21015e+01
5.756818000e-01  2.2904947e+01  2.29049e+01
5.785602090e-01  2.2972226e+01  2.29722e+01
5.814530100e-01  2.3321337e+01  2.33213e+01
5.843602750e-01  2.3344689e+01  2.33447e+01
5.872820764e-01  2.3346150e+01  2.33462e+01
5.902184868e-01  2.3029057e+01  2.30291e+01
5.931695792e-01  2.2520881e+01  2.25209e+01
5.961354271e-01  2.2821227e+01  2.28212e+01
5.991161043e-01  2.2212324e+01  2.22123e+01
6.021116848e-01  2.2078628e+01  2.20786e+01
6.051222432e-01  2.2696747e+01  2.26967e+01
6.081478544e-01  2.3034611e+01  2.30346e+01
6.111885937e-01  2.3209411e+01  2.32094e+01
6.142445367e-01  2.3570610e+01  2.35706e+01
6.173157594e-01  2.4002430e+01  2.40024e+01
6.204023382e-01  2.4538828e+01  2.45388e+01
6.235043498e-01  2.4998713e+01  2.49987e+01
6.266218716e-01  2.5427904e+01  2.54279e+01
6.297549810e-01  2.5973304e+01  2.59733e+01
6.329037559e-01  2.6309056e+01  2.63091e+01
6.360682746e-01  2.6708268e+01  2.67083e+01
6.392486160e-01  2.7152130e+01  2.71521e+01
6.424448591e-01  2.7434490e+01  2.74345e+01
6.456570834e-01  2.7754433e+01  2.77544e+01
6.488853688e-01  2.8108854e+01  2.81089e+01
6.521297956e-01  2.8663561e+01  2.86636e+01
6.553904446e-01  2.9120408e+01  2.91204e+01
6.586673968e-01  2.9639017e+01  2.96390e+01
6.619607338e-01  3.0107793e+01  3.01078e+01
6.652705375e-01  3.0411080e+01  3.04111e+01
6.685968902e-01  3.0603723e+01  3.06037e+01
6.719398746e-01  3.0971353e+01  3.09714e+01
6.752995740e-01  3.1259325e+01  3.12593e+01
6.786760719e-01  3.1679268e+01  3.16793e+01
6.820694522e-01  3.1991096e+01  3.19911e+01
6.854797995e-01  3.2150433e+01  3.21504e+01
6.889071985e-01  3.2327342e+01  3.23273e+01
6.923517345e-01  3.2524602e+01  3.25246e+01
6.958134932e-01  3.2514225e+01  3.25142e+01
6.992925606e-01  3.2868074e+01  3.28681e+01
7.027890234e-01  3.3024489e+01  3.30245e+01
7.063029686e-01  3.3169993e+01  3.31700e+01
7.098344834e-01  3.3369539e+01  3.33695e+01
7.133836558e-01  3.3364635e+01  3.33646e+01
7.169505741e-01  3.1948966e+01  3.19490e+01
7.205353270e-01  3.1467290e+01  3.14673e+01
7.241380036e-01  3.1513367e+01  3.15134e+01
7.277586936e-01  3.1865560e+01  3.18656e+01
7.313974871e-01  3.2704980e+01  3.27050e+01
7.350544745e-01  3.3586534e+01  3.35865e+01
7.387297469e-01  3.3712335e+01  3.37123e+01
7.424233956e-01  3.3786545e+01  3.37865e+01
7.461355126e-01  3.3561215e+01  3.35612e+01
7.498661902e-01  3.3612659e+01  3.36127e+01
7.536155211e-01  3.3753018e+01  3.37530e+01
7.573835987e-01  3.3778642e+01  3.37786e+01
7.611705167e-01  3.1103441e+01  3.11034e+01
7.649763693e-01  3.2683361e+01  3.26834e+01
7.688012511e-01  3.3611871e+01  3.36119e+01
7.726452574e-01  3.3449174e+01  3.34492e+01
7.765084837e-01  3.3142580e+01  3.31426e+01
7.803910261e-01  3.2899644e+01  3.28996e+01
7.842929812e-01  3.2541530e+01  3.25415e+01
7.882144461e-01  3.2424347e+01  3.24243e+01
7.921555184e-01  3.2522049e+01  3.25220e+01
7.961162960e-01  3.2486954e+01  3.24870e+01
8.000968774e-01  3.2285712e+01  3.22857e+01
8.040973618e-01  3.2278217e+01  3.22782e+01
8.081178486e-01  3.2120860e+01  3.21209e+01
8.121584379e-01  3.0889943e+01  3.08899e+01
8.162192301e-01  2.8125840e+01  2.81258e+01
8.203003262e-01  2.9536350e+01  2.95363e+01
8.244018279e-01  2.9387458e+01  2.93875e+01
8.285238370e-01  2.9309393e+01  2.93094e+01
8.326664562e-01  3.0115875e+01  3.01159e+01
8.368297885e-01  3.0868673e+01  3.08687e+01
8.410139374e-01  3.0879200e+01  3.08792e+01
8.452190071e-01  3.0800038e+01  3.08000e+01
8.494451021e-01  3.0504978e+01  3.05050e+01
8.536923276e-01  3.0195469e+01  3.01955e+01
8.579607893e-01  3.0107381e+01  3.01074e+01
8.622505932e-01  3.0040430e+01  3.00404e+01
8.665618462e-01  2.9652507e+01  2.96525e+01
8.708946554e-01  2.8584611e+01  2.85846e+01
8.752491287e-01  2.9483166e+01  2.94832e+01
8.796253743e-01  2.9324578e+01  2.93246e+01
8.840235012e-01  2.9063166e+01  2.90632e+01
8.884436187e-01  2.8768468e+01  2.87685e+01
8.928858368e-01  2.8044254e+01  2.80443e+01
8.973502660e-01  2.3988148e+01  2.39881e+01
9.018370173e-01  2.4294639e+01  2.42946e+01
9.063462024e-01  2.4476596e+01  2.44766e+01
9.108779334e-01  2.3873951e+01  2.38740e+01
9.154323231e-01  2.4171130e+01  2.41711e+01
9.200094847e-01  2.4994936e+01  2.49949e+01
9.246095321e-01  2.5093401e+01  2.50934e+01
9.292325798e-01  2.1147419e+01  2.11474e+01
9.338787427e-01  1.2559862e+01  1.25599e+01
9.385481364e-01  1.5457042e+01  1.54570e+01
9.432408771e-01  1.5549029e+01  1.55490e+01
9.479570815e-01  1.5805677e+01  1.58057e+01
9.526968669e-01  1.6535183e+01  1.65352e+01
9.574603512e-01  1.8079255e+01  1.80793e+01
9.622476530e-01  1.9232065e+01  1.92321e+01
9.670588912e-01  2.1060541e+01  2.10605e+01
9.718941857e-01  2.2274813e+01  2.22748e+01
9.767536566e-01  2.1883417e+01  2.18834e+01
9.816374249e-01  2.2836115e+01  2.28361e+01
9.865456120e-01  2.3727881e+01  2.37279e+01
9.914783401e-01  2.3656977e+01  2.36570e+01
9.964357318e-01  2.3563727e+01  2.35637e+01
1.001417910e+00  2.3309713e+01  2.33097e+01
1.006425000e+00  2.3101356e+01  2.31014e+01
1.011457125e+00  2.2859118e+01  2.28591e+01
1.016514411e+00  2.2671617e+01  2.26716e+01
1.021596983e+00  2.2425321e+01  2.24253e+01
1.026704968e+00  2.2228409e+01  2.22284e+01
1.031838492e+00  2.2019880e+01  2.20199e+01
1.036997685e+00  1.8097509e+01  1.80975e+01
1.042182673e+00  2.0257491e+01  2.02575e+01
1.047393587e+00  1.9870344e+01  1.98703e+01
1.052630555e+00  1.5070573e+01  1.50706e+01
1.057893707e+00  2.0512743e+01  2.05127e+01
1.063183176e+00  1.8976101e+01  1.89761e+01
1.068499092e+00  1.9527670e+01  1.95277e+01
1.073841587e+00  1.9947987e+01  1.99480e+01
1.079210795e+00  1.9717021e+01  1.97170e+01
1.084606849e+00  1.9307920e+01  1.93079e+01
1.090029883e+00  1.9018134e+01  1.90181e+01
1.095480033e+00  1.8312786e+01  1.83128e+01
1.100957433e+00  1.7189773e+01  1.71898e+01
1.106462220e+00  1.6416338e+01  1.64163e+01
1.111994531e+00  1.3965094e+01  1.39651e+01
1.117554504e+00  8.6262833e+00  8.62628e+00
1.123142276e+00  7.4927558e+00  7.49276e+00
1.128757988e+00  6.6725483e+00  6.67255e+00
1.134401778e+00  5.8776231e+00  5.87762e+00
1.140073787e+00  1.0750570e+01  1.07506e+01
1.145774156e+00  6.7155670e+00  6.71557e+00
1.151503026e+00  9.5964547e+00  9.59645e+00
1.157260541e+00  1.2309848e+01  1.23098e+01
1.163046844e+00  1.4271267e+01  1.42713e+01
1.168862078e+00  1.5144628e+01  1.51446e+01
1.174706389e+00  1.4411157e+01  1.44112e+01
1.180579921e+00  1.4057393e+01  1.40574e+01
1.186482820e+00  1.3903363e+01  1.39034e+01
1.192415234e+00  1.4485531e+01  1.44855e+01
1.198377311e+00  1.4140616e+01  1.41406e+01
1.204369197e+00  3.5953933e+00  3.59539e+00
1.210391043e+00  4.7874352e+00  4.78744e+00
1.216442998e+00  9.3143840e+00  9.31438e+00
1.222525213e+00  2.4259000e+00  2.42590e+00
1.228637839e+00  9.2517268e+00  9.25173e+00
1.234781029e+00  1.0847716e+01  1.08477e+01
1.240954934e+00  1.3217108e+01  1.32171e+01
1.247159708e+00  1.3968211e+01  1.39682e+01
1.253395507e+00  1.3077143e+01  1.30771e+01
1.259662485e+00  1.3029439e+01  1.30294e+01
1.265960797e+00  1.2771655e+01  1.27717e+01
1.272290601e+00  1.3314916e+01  1.33149e+01
1.278652054e+00  1.3143810e+01  1.31438e+01
1.285045314e+00  1.2682114e+01  1.26821e+01
1.291470541e+00  8.0864481e+00  8.08645e+00
1.297927893e+00  1.0419808e+01  1.04198e+01
1.304417533e+00  1.1543729e+01  1.15437e+01
1.310939621e+00  9.7409901e+00  9.74099e+00
1.317494319e+00  3.8165448e+00  3.81654e+00
1.324081790e+00  8.7113381e+00  8.71134e+00
1.330702199e+00  7.4661469e+00  7.46615e+00
1.337355710e+00  5.5541873e+00  5.55419e+00
1.344042489e+00  4.6893835e+00  4.68938e+00
1.350762701e+00  1.6411454e+00  1.64115e+00
1.357516515e+00  4.2901125e-01  4.29011e-01
1.364304097e+00  3.5483044e-01  3.54830e-01
1.371125618e+00  3.5552426e-01  3.55524e-01
1.377981246e+00  4.0160198e-01  4.01602e-01
1.384871152e+00  3.6558258e-01  3.65583e-01
1.391795508e+00  4.1981107e-01  4.19811e-01
1.398754485e+00  4.2603664e-01  4.26037e-01
1.405748258e+00  5.4964169e-01  5.49642e-01
1.412776999e+00  9.9798341e-01  9.97983e-01
1.419840884e+00  1.4021606e+00  1.40216e+00
1.426940089e+00  1.8640206e+00  1.86402e+00
1.434074789e+00  9.7496591e-03  9.74966e-03
1.441245163e+00  2.9349667e-02  2.93497e-02
1.448451389e+00  8.6136798e-01  8.61368e-01
1.455693646e+00  4.1798243e+00  4.17982e+00
1.462972114e+00  4.2599646e+00  4.25996e+00
1.470286975e+00  2.4643233e+00  2.46432e+00
1.477638409e+00  1.9342215e+00  1.93422e+00
1.485026601e+00  4.1691318e+00  4.16913e+00
1.492451734e+00  5.0737734e+00  5.07377e+00
1.499913993e+00  5.7489968e+00  5.74900e+00
1.507413563e+00  7.2505425e+00  7.25054e+00
1.514950631e+00  7.7092815e+00  7.70928e+00
1.522525384e+00  6.7567816e+00  6.75678e+00
1.530138011e+00  1.6348674e+00  1.63487e+00
1.537788701e+00  4.8793976e-01  4.87940e-01
1.545477645e+00  4.4429555e+00  4.44296e+00
1.553205033e+00  7.2826029e+00  7.28260e+00
1.560971058e+00  3.2690040e+00  3.26900e+00
1.568775913e+00  2.5806631e-01  2.58066e-01
1.576619793e+00  1.0387766e-02  1.03878e-02
1.584502892e+00  9.9166042e-01  9.91660e-01
1.592425406e+00  3.8695528e+00  3.86955e+00
1.600387533e+00  2.3626807e-01  2.36268e-01
1.608389471e+00  1.9379052e-02  1.93791e-02
1.616431418e+00  7.0077069e-01  7.00771e-01
1.624513575e+00  3.6301979e+00  3.63020e+00
1.632636143e+00  2.5157061e+00  2.51571e+00
1.640799324e+00  4.6456557e-01  4.64566e-01
1.649003321e+00  6.3519118e-01  6.35191e-01
1.657248337e+00  3.4935069e+00  3.49351e+00
1.665534579e+00  4.0809331e+00  4.08093e+00
1.673862252e+00  4.9027150e+00  4.90271e+00
1.682231563e+00  5.3664454e+00  5.36645e+00
1.690642721e+00  5.8212878e+00  5.82129e+00
1.699095934e+00  5.5863003e+00  5.58630e+00
1.707591414e+00  5.0598150e+00  5.05982e+00
1.716129371e+00  5.3582759e+00  5.35828e+00
1.724710018e+00  5.3692632e+00  5.36926e+00
1.733333568e+00  5.1871124e+00  5.18711e+00
1.742000236e+00  5.0443638e+00  5.04436e+00
1.750710237e+00  4.7959306e+00  4.79593e+00
1.759463788e+00  4.5432182e+00  4.54322e+00
1.768261107e+00  4.4481732e+00  4.44817e+00
1.777102413e+00  3.7565502e+00  3.75655e+00
1.785987925e+00  3.4128063e+00  3.41281e+00
1.794917864e+00  2.7159779e+00  2.71598e+00
1.803892454e+00  1.2999490e+00  1.29995e+00
1.812911916e+00  6.0354940e-01  6.03549e-01
1.821976476e+00  3.8668405e-01  3.86684e-01
1.831086358e+00  6.6695770e-02  6.66958e-02
1.840241790e+00  4.6885859e-02  4.68859e-02
1.849442999e+00  4.7584518e-02  4.75845e-02
1.858690214e+00  4.4402408e-02  4.44024e-02
1.867983665e+00  4.5181122e-02  4.51811e-02
1.877323583e+00  1.3859769e-02  1.38598e-02
1.886710201e+00  3.4020057e-02  3.40201e-02
1.896143752e+00  6.0100724e-02  6.01007e-02
1.905624471e+00  4.4284615e-02  4.42846e-02
1.915152593e+00  7.6228482e-02  7.62285e-02
1.924728356e+00  2.1301594e-01  2.13016e-01
1.934351998e+00  3.6393653e-01  3.63937e-01
1.944023758e+00  6.5698873e-02  6.56989e-02
1.953743877e+00  2.0336091e-04  2.03361e-04
1.963512596e+00  6.7889652e-05  6.78897e-05
1.973330159e+00  8.1111993e-04  8.11120e-04
1.983196810e+00  5.1440514e-02  5.14405e-02
1.993112794e+00  5.5244926e-03  5.52449e-03
2.003078358e+00  4.8053544e-05  4.80535e-05
2.013093750e+00  2.1821910e-05  2.18219e-05
2.023159218e+00  3.1503583e-04  3.15036e-04
2.033275015e+00  6.9003220e-04  6.90032e-04
2.043441390e+00  4.1512250e-04  4.15122e-04
2.053658597e+00  8.4017277e-05  8.40173e-05
2.063926890e+00  6.7127828e-05  6.71278e-05
2.074246524e+00  4.4424877e-04  4.44249e-04
2.084617757e+00  8.7873143e-04  8.78731e-04
2.095040845e+00  3.0124626e-03  3.01246e-03
2.105516050e+00  1.1788887e-01  1.17889e-01
2.116043630e+00  3.9921888e-01  3.99219e-01
2.126623848e+00  1.3445201e+00  1.34452e+00
2.137256967e+00  1.6152946e+00  1.61529e+00
2.147943252e+00  3.6829108e-01  3.68291e-01
2.158682968e+00  2.3288098e-01  2.32881e-01
2.169476383e+00  6.0217341e-01  6.02173e-01
2.180323765e+00  1.7642699e+00  1.76427e+00
2.191225384e+00  1.9004926e+00  1.90049e+00
2.202181511e+00  2.1909258e+00  2.19093e+00
2.213192418e+00  2.1929347e+00  2.19293e+00
2.224258381e+00  2.2728904e+00  2.27289e+00
2.235379672e+00  2.3650092e+00  2.36501e+00
2.246556571e+00  2.3208668e+00  2.32087e+00
2.257789354e+00  2.2325653e+00  2.23257e+00
2.269078300e+00  2.2708154e+00  2.27082e+00
2.280423692e+00  2.2440644e+00  2.24406e+00
2.291825810e+00  2.1832055e+00  2.18321e+00
2.303284939e+00  9.7806806e-01  9.78068e-01
2.314801364e+00  2.1453102e-02  2.14531e-02
2.326375371e+00  4.4238518e-05  4.42385e-05
2.338007248e+00  3.2203050e-05  3.22030e-05
2.349697284e+00  8.6599897e-05  8.65999e-05
2.361445770e+00  4.3917174e-05  4.39172e-05
2.373252999e+00  8.7764347e-05  8.77643e-05
2.385119264e+00  1.9839841e-04  1.98398e-04
2.397044861e+00  1.0148480e-02  1.01485e-02
2.409030085e+00  2.9934416e-02  2.99344e-02
2.421075235e+00  9.0510573e-02  9.05106e-02
2.433180612e+00  3.7871156e-01  3.78712e-01
2.445346515e+00  6.8721637e-01  6.87216e-01
2.457573247e+00  1.1397479e+00  1.13975e+00
2.469861113e+00  8.6620811e-01  8.66208e-01
2.482210419e+00  4.5024855e-01  4.50249e-01
2.494621471e+00  3.1264233e-01  3.12642e-01
2.507094578e+00  2.7263715e-01  2.72637e-01
2.519630051e+00  1.0261416e-01  1.02614e-01
2.532228202e+00  1.0978574e-02  1.09786e-02
2.544889343e+00  5.2076781e-03  5.20768e-03
2.557613789e+00  4.0342428e-03  4.03424e-03
2.570401858e+00  3.5116428e-03  3.51164e-03
2.583253867e+00  2.7991730e-03  2.79917e-03
2.596170137e+00  2.6479364e-03  2.64794e-03
2.609150988e+00  2.3968389e-03  2.39684e-03
2.622196742e+00  2.5652808e-03  2.56528e-03
2.635307726e+00  2.7382404e-03  2.73824e-03
2.648484265e+00  2.4694899e-03  2.46949e-03
2.661726686e+00  1.3784390e-04  1.37844e-04
2.675035320e+00  6.4912662e-07  6.49127e-07
2.688410496e+00  1.2948048e-07  1.29480e-07
2.701852549e+00  1.3080479e-07  1.30805e-07
2.715361811e+00  8.8757884e-07  8.87579e-07
2.728938620e+00  3.1942742e-06  3.19427e-06
2.742583314e+00  1.1479109e-06  1.14791e-06
2.756296230e+00  1.9433708e-07  1.94337e-07
2.770077711e+00  2.1546594e-07  2.15466e-07
2.783928100e+00  2.8759293e-07  2.87593e-07
2.797847740e+00  1.0736874e-06  1.07369e-06
2.811836979e+00  2.4885976e-06  2.48860e-06
2.825896164e+00  4.6054535e-06  4.60545e-06
2.840025645e+00  7.2217664e-06  7.22177e-06
2.854225773e+00  2.0680378e-05  2.06804e-05
2.868496902e+00  6.6551031e-05  6.65510e-05
2.882839386e+00  3.4881939e-03  3.48819e-03
2.897253583e+00  6.1232567e-02  6.12326e-02
2.911739851e+00  1.5439788e-01  1.54398e-01
2.926298550e+00  2.8904862e-01  2.89049e-01
2.940930043e+00  2.4323277e-01  2.43233e-01
2.955634693e+00  2.4415385e-01  2.44154e-01
2.970412867e+00  2.3531998e-02  2.35320e-02
2.985264931e+00  1.0629049e-02  1.06290e-02
3.000191256e+00  2.0481219e-01  2.04812e-01
3.015192212e+00  3.7131215e-02  3.71312e-02
3.030268173e+00  1.7277808e-01  1.72778e-01
3.045419514e+00  1.7156601e-01  1.71566e-01
3.060646612e+00  1.9490255e-01  1.94903e-01
3.075949845e+00  2.7954503e-01  2.79545e-01
3.091329594e+00  1.2497238e-01  1.24972e-01
3.106786242e+00  1.1160515e-01  1.11605e-01
3.122320173e+00  1.3456020e-01  1.34560e-01
3.137931774e+00  2.6964383e-01  2.69644e-01
3.153621433e+00  2.5816384e-01  2.58164e-01
3.169389540e+00  3.2290788e-01  3.22908e-01
3.185236488e+00  3.5211849e-01  3.52118e-01
3.201162670e+00  1.0418177e-01  1.04182e-01
3.217168483e+00  1.1481111e-01  1.14811e-01
3.233254326e+00  2.6165530e-01  2.61655e-01
3.249420598e+00  3.4921958e-01  3.49220e-01
3.265667701e+00  2.0341995e-01  2.03420e-01
3.281996039e+00  3.5536316e-01  3.55363e-01
3.298406019e+00  1.7409135e-01  1.74091e-01
3.314898049e+00  2.2986081e-01  2.29861e-01
3.331472540e+00  4.2337250e-01  4.23372e-01
3.348129902e+00  3.6657176e-01  3.66572e-01
3.364870552e+00  4.2415619e-01  4.24156e-01
3.381694905e+00  5.1296751e-01  5.12968e-01
3.398603379e+00  5.8074701e-01  5.80747e-01
3.415596396e+00  5.5936769e-01  5.59368e-01
3.432674378e+00  5.3449409e-01  5.34494e-01
3.449837750e+00  5.3383387e-01  5.33834e-01
3.467086939e+00  5.6766825e-01  5.67668e-01
3.484422373e+00  5.9007142e-01  5.90071e-01
3.501844485e+00  5.9664496e-01  5.96645e-01
3.519353708e+00  5.8044714e-01  5.80447e-01
3.536950476e+00  5.6106537e-01  5.61065e-01
3.554635228e+00  5.4348430e-01  5.43484e-01
3.572408405e+00  4.7754453e-01  4.77545e-01
3.590270447e+00  3.9644657e-01  3.96447e-01
3.608221799e+00  2.4326773e-01  2.43268e-01
3.626262908e+00  3.3919170e-01  3.39192e-01
3.644394222e+00  2.7901405e-01  2.79014e-01
3.662616193e+00  4.9250552e-01  4.92506e-01
3.680929274e+00  5.0011222e-01  5.00112e-01
3.699333921e+00  5.6365350e-01  5.63654e-01
3.717830590e+00  5.1056871e-01  5.10569e-01
3.736419743e+00  4.8402154e-01  4.84022e-01
3.755101842e+00  4.0858093e-01  4.08581e-01
3.773877351e+00  3.0574546e-01  3.05745e-01
3.792746738e+00  9.1745779e-02  9.17458e-02
3.811710472e+00  2.0282306e-02  2.02823e-02
3.830769024e+00  5.8472115e-02  5.84721e-02
3.849922869e+00  4.0430865e-02  4.04309e-02
3.869172484e+00  1.7172104e-01  1.71721e-01
3.888518346e+00  1.9558843e-01  1.95588e-01
3.907960938e+00  1.5323997e-01  1.53240e-01
3.927500742e+00  1.0144434e-01  1.01444e-01
3.947138246e+00  5.3009322e-02  5.30093e-02
3.966873937e+00  1.6888875e-02  1.68889e-02
3.986708307e+00  6.1429097e-03  6.14291e-03
4.006641849e+00  3.7085171e-03  3.70852e-03
4.026675058e+00  1.6661989e-03  1.66620e-03
4.046808433e+00  1.0162499e-03  1.01625e-03
4.067042475e+00  4.7775432e-04  4.77754e-04
4.087377688e+00  3.2441331e-04  3.24413e-04
4.107814576e+00  3.0958349e-04  3.09583e-04
4.128353649e+00  3.2433943e-04  3.24339e-04
4.148995417e+00  3.4589741e-04  3.45897e-04
4.169740394e+00  3.6875880e-04  3.68759e-04
4.190589096e+00  3.9547062e-04  3.95471e-04
4.211542042e+00  4.2452243e-04  4.24522e-04
4.232599752e+00  4.5550374e-04  4.55504e-04
4.253762751e+00  4.8851455e-04  4.88515e-04
4.275031564e+00  5.2367034e-04  5.23670e-04
4.296406722e+00  5.6109247e-04  5.61092e-04
4.317888756e+00  6.0090808e-04  6.00908e-04
4.339478200e+00  6.4325004e-04  6.43250e-04
4.361175591e+00  6.8825641e-04  6.88256e-04
4.382981469e+00  7.3607393e-04  7.36074e-04
4.404896376e+00  7.8685058e-04  7.86851e-04
4.426920858e+00  8.4075047e-04  8.40750e-04
4.449055462e+00  8.9796192e-04  8.97962e-04
4.471300739e+00  9.5883264e-04  9.58833e-04
4.493657243e+00  1.0245625e-03  1.02456e-03
4.516125529e+00  1.0910461e-03  1.09105e-03
4.538706157e+00  1.1630614e-03  1.16306e-03
4.561399688e+00  1.2393773e-03  1.23938e-03
4.584206686e+00  1.3201308e-03  1.32013e-03
4.607127720e+00  1.4055326e-03  1.40553e-03
4.630163358e+00  1.4958083e-03  1.49581e-03
4.653314175e+00  1.5911938e-03  1.59119e-03
4.676580746e+00  1.6919293e-03  1.69193e-03
4.699963650e+00  1.7982674e-03  1.79827e-03
4.723463468e+00  1.9104745e-03  1.91047e-03
4.747080785e+00  2.0288213e-03  2.02882e-03
4.770816189e+00  2.1535887e-03  2.15359e-03
4.794670270e+00  2.2850680e-03  2.28507e-03
4.818643622e+00  2.4235665e-03  2.42357e-03
4.842736840e+00  2.5693807e-03  2.56938e-03
4.866950524e+00  2.7228748e-03  2.72287e-03
4.891285276e+00  2.8844413e-03  2.88444e-03
4.915741703e+00  3.0637746e-03  3.06377e-03
4.940320411e+00  3.5691730e-03  3.56917e-03
4.965022013e+00  1.9277127e-02  1.92771e-02
4.989847123e+00  1.2846483e-01  1.28465e-01
5.014796359e+00  3.1888874e-01  3.18889e-01
5.039870341e+00  6.1879066e-01  6.18791e-01
5.065069693e+00  7.5521432e-01  7.55214e-01
5.090395041e+00  3.5999860e-01  3.59999e-01
5.115847016e+00  2.6378956e-01  2.63790e-01
5.141426251e+00  3.5597745e-01  3.55977e-01
5.167133383e+00  2.9832464e-02  2.98325e-02
5.192969049e+00  6.0973511e-03  6.09735e-03
5.218933895e+00  5.9306403e-03  5.93064e-03
5.245028564e+00  1.1615587e-02  1.16156e-02
5.271253707e+00  1.2896556e-01  1.28966e-01
5.297609976e+00  2.8193483e-01  2.81935e-01
5.324098025e+00  5.1159674e-01  5.11597e-01
5.350718516e+00  3.8111074e-01  3.81111e-01
5.377472108e+00  6.6529064e-01  6.65291e-01
5.404359469e+00  6.7364588e-01  6.73646e-01
5.431381266e+00  4.9267337e-01  4.92673e-01
5.458538172e+00  4.4550270e-01  4.45503e-01
5.485830863e+00  6.0045599e-01  6.00456e-01
5.513260018e+00  6.4088922e-01  6.40889e-01
5.540826318e+00  4.9949609e-01  4.99496e-01
5.568530449e+00  3.9677366e-01  3.96774e-01
5.596373101e+00  4.8408978e-01  4.84090e-01
5.624354967e+00  4.3811525e-01  4.38115e-01
5.652476742e+00  4.5555268e-01  4.55553e-01
5.680739126e+00  4.5628934e-01  4.56289e-01
5.709142821e+00  4.7334882e-01  4.73349e-01
5.737688535e+00  4.3114383e-01  4.31144e-01
5.766376978e+00  4.5480497e-01  4.54805e-01
5.795208863e+00  4.7809009e-01  4.78090e-01
5.824184907e+00  5.0468737e-01  5.04687e-01
5.853305832e+00  4.8464092e-01  4.84641e-01
5.882572361e+00  5.6452035e-01  5.64520e-01
5.911985223e+00  5.2806458e-01  5.28065e-01
5.941545149e+00  5.8062026e-01  5.80620e-01
5.971252874e+00  5.8444504e-01  5.84445e-01
6.001109139e+00  5.8669867e-01  5.86699e-01
6.031114685e+00  5.8220854e-01  5.82209e-01
6.061270258e+00  6.6700532e-01  6.67005e-01
6.091576609e+00  5.4732651e-01  5.47327e-01
6.122034492e+00  3.6141010e-01  3.61410e-01
6.152644665e+00  2.8237374e-01  2.82374e-01
6.183407888e+00  4.5636762e-01  4.56368e-01
6.214324928e+00  3.8182785e-01  3.81828e-01
6.245396552e+00  4.4117933e-01  4.41179e-01
6.276623535e+00  5.6905493e-01  5.69055e-01
6.308006653e+00  7.5255942e-01  7.52559e-01
6.339546686e+00  7.5363175e-01  7.53632e-01
6.371244419e+00  7.6949674e-01  7.69497e-01
6.403100641e+00  8.4354776e-01  8.43548e-01
6.435116145e+00  8.2048602e-01  8.20486e-01
6.467291725e+00  8.6584289e-01  8.65843e-01
6.499628184e+00  8.8498439e-01  8.84984e-01
6.532126325e+00  8.7926971e-01  8.79270e-01
6.564786956e+00  9.9956555e-01  9.99566e-01
6.597610891e+00  9.3220709e-01  9.32207e-01
6.630598946e+00  1.0201576e+00  1.02016e+00
6.663751940e+00  9.4465843e-01  9.44658e-01
6.697070700e+00  9.8750239e-01  9.87502e-01
6.730556054e+00  1.0089053e+00  1.00891e+00
6.764208834e+00  1.0454352e+00  1.04544e+00
6.798029878e+00  1.0450855e+00  1.04509e+00
6.832020027e+00  1.0347658e+00  1.03477e+00
6.866180128e+00  1.1342409e+00  1.13424e+00
6.900511028e+00  1.1301704e+00  1.13017e+00
6.935013583e+00  1.3751318e+00  1.37513e+00
6.969688651e+00  1.1536173e+00  1.15362e+00
7.004537095e+00  1.2831609e+00  1.28316e+00
7.039559780e+00  1.1668090e+00  1.16681e+00
7.074757579e+00  1.4109949e+00  1.41099e+00
7.110131367e+00  1.2727979e+00  1.27280e+00
7.145682024e+00  1.0022349e+00  1.00223e+00
7.181410434e+00  7.4087479e-01  7.40875e-01
7.217317486e+00  4.1816401e-01  4.18164e-01
7.253404073e+00  2.4301928e-01  2.43019e-01
7.289671094e+00  2.8197449e-01  2.81974e-01
7.326119449e+00  7.4135087e-01  7.41351e-01
7.362750046e+00  2.8449289e-01  2.84493e-01
7.399563797e+00  4.0922371e-01  4.09224e-01
7.436561616e+00  1.1839179e+00  1.18392e+00
7.473744424e+00  1.5914988e+00  1.59150e+00
7.511113146e+00  3.3118198e+00  3.31182e+00
7.548668712e+00  3.8070717e+00  3.80707e+00
7.586412055e+00  2.2063102e+00  2.20631e+00
7.624344115e+00  3.2007870e+00  3.20079e+00
7.662465836e+00  4.2317325e+00  4.23173e+00
7.700778165e+00  4.0634655e+00  4.06347e+00
7.739282056e+00  2.9082342e+00  2.90823e+00
7.777978466e+00  1.7437072e+00  1.74371e+00
7.816868359e+00  8.8336000e-01  8.83360e-01
7.855952700e+00  4.8724521e-01  4.87245e-01
7.895232464e+00  4.6427752e-01  4.64278e-01
7.934708626e+00  1.6412683e+00  1.64127e+00
7.974382169e+00  7.0536902e-01  7.05369e-01
8.014254080e+00  5.4784597e-01  5.47846e-01
8.054325351e+00  1.1785137e+00  1.17851e+00
8.094596977e+00  2.5140498e+00  2.51405e+00
8.135069962e+00  4.2768950e+00  4.27689e+00
8.175745312e+00  5.1690235e+00  5.16902e+00
8.216624039e+00  5.8242817e+00  5.82428e+00
8.257707159e+00  5.5855117e+00  5.58551e+00
8.298995695e+00  6.3741085e+00  6.37411e+00
8.340490673e+00  6.1420472e+00  6.14205e+00
8.382193126e+00  6.4414907e+00  6.44149e+00
8.424104092e+00  6.0164545e+00  6.01645e+00
8.466224613e+00  6.4652426e+00  6.46524e+00
8.508555736e+00  5.9582143e+00  5.95821e+00
8.551098514e+00  6.3798823e+00  6.37988e+00
8.593854007e+00  6.2781640e+00  6.27816e+00
8.636823277e+00  6.3077016e+00  6.30770e+00
8.680007393e+00  6.1421088e+00  6.14211e+00
8.723407430e+00  6.1767810e+00  6.17678e+00
8.767024467e+00  6.1490117e+00  6.14901e+00
8.810859590e+00  5.7432289e+00  5.74323e+00
8.854913888e+00  5.6887389e+00  5.68874e+00
8.899188457e+00  5.3965604e+00  5.39656e+00
8.943684399e+00  5.4116449e+00  5.41164e+00
8.988402821e+00  5.7918205e+00  5.79182e+00
9.033344836e+00  6.0857841e+00  6.08578e+00
9.078511560e+00  5.7663573e+00  5.76636e+00
9.123904118e+00  4.6436694e+00  4.64367e+00
9.169523638e+00  2.7954148e+00  2.79541e+00
9.215371256e+00  1.7838294e+00  1.78383e+00
9.261448113e+00  1.3187027e+00  1.31870e+00
9.307755353e+00  1.1429667e+00  1.14297e+00
9.354294130e+00  1.2037959e+00  1.20380e+00
9.401065601e+00  6.7324353e-01  6.73244e-01
9.448070929e+00  3.0928982e-01  3.09290e-01
9.495311283e+00  3.1306489e-01  3.13065e-01
9.542787840e+00  3.3128487e-01  3.31285e-01
9.590501779e+00  4.5794386e-01  4.57944e-01
9.638454288e+00  3.2962199e-01  3.29622e-01
9.686646559e+00  3.3518649e-01  3.35186e-01
9.735079792e+00  3.4079380e-01  3.40794e-01
9.783755191e+00  3.4705870e-01  3.47059e-01
9.832673967e+00  3.7065218e-01  3.70652e-01
9.881837337e+00  6.2525861e-01  6.25259e-01
9.931246523e+00  1.8815474e+00  1.88155e+00
9.980902756e+00  3.5769072e+00  3.57691e+00
1.003080727e+01  5.1696100e+00  5.16961e+00
1.008096131e+01  5.3984459e+00  5.39845e+00
1.013136611e+01  4.1367983e+00  4.13680e+00
1.018202294e+01  3.1061029e+00  3.10610e+00
1.023293306e+01  2.2945737e+00  2.29457e+00
1.028409772e+01  2.0396609e+00  2.03966e+00
1.033551821e+01  2.2868278e+00  2.28683e+00
1.038719580e+01  3.8327572e+00  3.83276e+00
1.043913178e+01  3.0948404e+00  3.09484e+00
1.049132744e+01  2.5859910e+00  2.58599e+00
1.054378408e+01  2.5991088e+00  2.59911e+00
1.059650300e+01  2.8223867e+00  2.82239e+00
1.064948551e+01  3.3149035e+00  3.31490e+00
1.070273294e+01  3.9515671e+00  3.95157e+00
1.075624661e+01  4.7424785e+00  4.74248e+00
1.081002784e+01  5.1483895e+00  5.14839e+00
1.086407798e+01  5.4742714e+00  5.47427e+00
1.091839837e+01  5.9174837e+00  5.91748e+00
1.097299036e+01  6.1412835e+00  6.14128e+00
1.102785531e+01  6.2446948e+00  6.24469e+00
1.108299459e+01  6.3581107e+00  6.35811e+00
1.113840956e+01  6.5580990e+00  6.55810e+00
1.119410161e+01  6.7665403e+00  6.76654e+00
1.125007212e+01  6.8698008e+00  6.86980e+00
1.130632248e+01  6.9641875e+00  6.96419e+00
1.136285409e+01  6.9838921e+00  6.98389e+00
1.141966836e+01  6.9936398e+00  6.99364e+00
1.147676670e+01  6.9818018e+00  6.98180e+00
1.153415054e+01  6.9600075e+00  6.96001e+00
1.159182129e+01  6.6602980e+00  6.66030e+00
1.164978039e+01  6.9024783e+00  6.90248e+00
1.170802930e+01  6.7896252e+00  6.78963e+00
1.176656944e+01  6.7195195e+00  6.71952e+00
1.182540229e+01  6.6831982e+00  6.68320e+00
1.188452930e+01  6.5869298e+00  6.58693e+00
1.194395195e+01  6.5582000e+00  6.55820e+00
1.200367171e+01  6.3957674e+00  6.39577e+00
1.206369007e+01  5.0874233e+00  5.08742e+00
1.212400852e+01  5.6150073e+00  5.61501e+00
1.218462856e+01  4.9470706e+00  4.94707e+00
1.224555170e+01  4.1296943e+00  4.12969e+00
1.230677946e+01  3.4357855e+00  3.43579e+00
1.236831336e+01  2.8489215e+00  2.84892e+00
1.243015492e+01  2.5348125e+00  2.53481e+00
1.249230570e+01  2.4374372e+00  2.43744e+00
1.255476723e+01  2.4837048e+00  2.48370e+00
1.261754106e+01  1.2378588e+00  1.23786e+00
1.268062877e+01  2.7784481e+00  2.77845e+00
1.274403191e+01  2.5431788e+00  2.54318e+00
1.280775207e+01  2.3740906e+00  2.37409e+00
1.287179083e+01  2.3562637e+00  2.35626e+00
1.293614979e+01  2.1776081e+00  2.17761e+00
1.300083054e+01  1.7493728e+00  1.74937e+00
1.306583469e+01  1.4408304e+00  1.44083e+00
1.313116386e+01  9.7592595e-01  9.75926e-01
1.319681968e+01  7.1168148e-01  7.11681e-01
1.326280378e+01  6.6344334e-01  6.63443e-01
1.332911780e+01  6.6414166e-01  6.64142e-01
1.339576339e+01  6.6764343e-01  6.67643e-01
1.346274221e+01  6.7107187e-01  6.71072e-01
1.353005592e+01  6.7441855e-01  6.74419e-01
1.359770620e+01  6.7768259e-01  6.77683e-01
1.366569473e+01  6.8086318e-01  6.80863e-01
1.373402320e+01  6.8395951e-01  6.83960e-01
1.380269332e+01  6.8697084e-01  6.86971e-01
1.387170678e+01  6.8989644e-01  6.89896e-01
1.394106532e+01  6.9273564e-01  6.92736e-01
1.401077064e+01  6.9548780e-01  6.95488e-01
1.408082450e+01  6.9815231e-01  6.98152e-01
1.415122862e+01  7.0072862e-01  7.00729e-01
1.422198476e+01  7.0321620e-01  7.03216e-01
1.429309469e+01  7.0561456e-01  7.05615e-01
1.436456016e+01  7.0792326e-01  7.07923e-01
1.443638296e+01  7.1014189e-01  7.10142e-01
1.450856487e+01  7.1227008e-01  7.12270e-01
1.458110770e+01  7.1430751e-01  7.14308e-01
1.465401324e+01  7.1625387e-01  7.16254e-01
1.472728330e+01  7.1810893e-01  7.18109e-01
1.480091972e+01  7.1987246e-01  7.19872e-01
1.487492432e+01  7.2154428e-01  7.21544e-01
1.494929894e+01  7.2312426e-01  7.23124e-01
1.502404544e+01  7.2461230e-01  7.24612e-01
1.509916566e+01  7.2600833e-01  7.26008e-01
1.517466149e+01  7.2731232e-01  7.27312e-01
1.525053480e+01  7.2852428e-01  7.28524e-01
1.532678747e+01  7.2964426e-01  7.29644e-01
1.540342141e+01  7.3067234e-01  7.30672e-01
1.548043852e+01  7.3160863e-01  7.31609e-01
1.555784071e+01  7.3245330e-01  7.32453e-01
1.563562991e+01  7.3320651e-01  7.33207e-01
1.571380806e+01  7.3386851e-01  7.33869e-01
1.579237710e+01  7.3443953e-01  7.34440e-01
1.587133899e+01  7.3491987e-01  7.34920e-01
1.595069568e+01  7.3530986e-01  7.35310e-01
1.603044916e+01  7.3560983e-01  7.35610e-01
1.611060141e+01  7.3582019e-01  7.35820e-01
1.619115441e+01  7.3594135e-01  7.35941e-01
1.627211019e+01  7.3597375e-01  7.35974e-01
1.635347074e+01  7.3591787e-01  7.35918e-01
1.643523809e+01  7.3577422e-01  7.35774e-01
1.651741428e+01  7.3554334e-01  7.35543e-01
1.660000135e+01  7.3522580e-01  7.35226e-01
1.668300136e+01  7.3482217e-01  7.34822e-01
1.676641637e+01  7.3433309e-01  7.34333e-01
1.685024845e+01  7.3375921e-01  7.33759e-01
1.693449969e+01  7.3310121e-01  7.33101e-01
1.701917219e+01  7.3236481e-01  7.32365e-01
1.710426805e+01  7.3207515e-01  7.32075e-01
1.718978939e+01  7.4477683e-01  7.44777e-01
1.727573834e+01  7.9954881e-01  7.99549e-01
1.736211703e+01  9.0069958e-01  9.00700e-01
1.744892761e+01  1.2069968e+00  1.20700e+00
1.753617225e+01  1.5160364e+00  1.51604e+00
1.762385311e+01  1.7725286e+00  1.77253e+00
1.771197238e+01  1.9705620e+00  1.97056e+00
1.780053224e+01  2.0727542e+00  2.07275e+00
1.788953490e+01  2.1397151e+00  2.13972e+00
1.797898258e+01  2.2505695e+00  2.25057e+00
1.806887749e+01  2.3115462e+00  2.31155e+00
1.815922188e+01  2.2480726e+00  2.24807e+00
1.825001799e+01  2.1359410e+00  2.13594e+00
1.834126808e+01  1.1279814e+00  1.12798e+00
1.843297442e+01  2.3380515e+00  2.33805e+00
1.852513929e+01  2.5559826e+00  2.55598e+00
1.861776499e+01  2.3942140e+00  2.39421e+00
1.871085381e+01  2.3596165e+00  2.35962e+00
1.880440808e+01  2.3161453e+00  2.31615e+00
1.889843012e+01  2.3549147e+00  2.35491e+00
1.899292227e+01  2.1746271e+00  2.17463e+00
1.908788688e+01  2.4634455e+00  2.46345e+00
1.918332632e+01  2.4663953e+00  2.46640e+00
1.927924295e+01  2.1599672e+00  2.15997e+00
1.937563916e+01  2.2738540e+00  2.27385e+00
1.947251736e+01  2.7618291e+00  2.76183e+00
1.956987994e+01  2.5188741e+00  2.51887e+00
1.966772934e+01  2.3251934e+00  2.32519e+00
1.976606799e+01  2.2081601e+00  2.20816e+00
1.986489833e+01  2.1640923e+00  2.16409e+00
1.996422282e+01  2.2991893e+00  2.29919e+00
