# WARNING | PUMAS | The aerosols require higher scattering requirements, of NMAX:1 and LMAX:78, for the selected aerosols having a max g of 0.91.
# ------------------------------------------------------------------------
# Radiance spectrum
# NASA-GSFC Planetary Spectrum Generator (PSG) (Villanueva et al. 2018, 2022)
# Synthesized on Thu Nov 30 22:52:26 2023
# Doppler velocities [km/s] (vobs,vrot+vorb,vwidth,vrfl,vstr): 0.00000,-0.00000,0.01000,0.00000,0.00000
# ------------------------------------------------------------------------
# Spectra synthesized with the Planetary and Universal Model of Atmospheric Scattering (PUMAS, Villanueva et al. 2018, 2022)
# Single scattering radiative transfer method
# ------------------------------------------------------------------------
# Spectral unit: Wavelength [um]
# Radiance unit: Spectral radiance [W/sr/m2/um]
# Wave/freq Total Mars
4.000000000e-01  2.8967384e+01  2.89674e+01
4.020000000e-01  2.9165878e+01  2.91659e+01
4.040100000e-01  2.9362266e+01  2.93623e+01
4.060300500e-01  2.9552645e+01  2.95526e+01
4.080602003e-01  2.9737423e+01  2.97374e+01
4.101005013e-01  2.9917381e+01  2.99174e+01
4.121510038e-01  3.0105957e+01  3.01060e+01
4.142117588e-01  3.0285025e+01  3.02850e+01
4.162828176e-01  3.0493133e+01  3.04931e+01
4.183642317e-01  3.0676436e+01  3.06764e+01
4.204560528e-01  3.0857400e+01  3.08574e+01
4.225583331e-01  3.1040372e+01  3.10404e+01
4.246711247e-01  3.1220491e+01  3.12205e+01
4.267944804e-01  3.1409895e+01  3.14099e+01
4.289284528e-01  3.1582578e+01  3.15826e+01
4.310730950e-01  3.1746234e+01  3.17462e+01
4.332284605e-01  3.1920566e+01  3.19206e+01
4.353946028e-01  3.2070069e+01  3.20701e+01
4.375715758e-01  3.2252271e+01  3.22523e+01
4.397594337e-01  3.2392378e+01  3.23924e+01
4.419582309e-01  3.2569426e+01  3.25694e+01
4.441680220e-01  3.2730923e+01  3.27309e+01
4.463888621e-01  3.2930631e+01  3.29306e+01
4.486208064e-01  3.3108235e+01  3.31082e+01
4.508639105e-01  3.3311649e+01  3.33116e+01
4.531182300e-01  3.3494976e+01  3.34950e+01
4.553838212e-01  3.3676980e+01  3.36770e+01
4.576607403e-01  3.3851848e+01  3.38518e+01
4.599490440e-01  3.4024964e+01  3.40250e+01
4.622487892e-01  3.4195812e+01  3.41958e+01
4.645600332e-01  3.4364744e+01  3.43647e+01
4.668828333e-01  3.4534600e+01  3.45346e+01
4.692172475e-01  3.4700338e+01  3.47003e+01
4.715633337e-01  3.4858334e+01  3.48583e+01
4.739211504e-01  3.4997471e+01  3.49975e+01
4.762907561e-01  3.5154811e+01  3.51548e+01
4.786722099e-01  3.5303989e+01  3.53040e+01
4.810655710e-01  3.5445459e+01  3.54455e+01
4.834708988e-01  3.5597721e+01  3.55977e+01
4.858882533e-01  3.5729831e+01  3.57298e+01
4.883176946e-01  3.5850815e+01  3.58508e+01
4.907592831e-01  3.5987454e+01  3.59875e+01
4.932130795e-01  3.6112139e+01  3.61121e+01
4.956791449e-01  3.6225530e+01  3.62255e+01
4.981575406e-01  3.6357962e+01  3.63580e+01
5.006483283e-01  3.6476700e+01  3.64767e+01
5.031515699e-01  3.6574993e+01  3.65750e+01
5.056673278e-01  3.6676305e+01  3.66763e+01
5.081956644e-01  3.6784714e+01  3.67847e+01
5.107366428e-01  3.6876978e+01  3.68770e+01
5.132903260e-01  3.6977359e+01  3.69774e+01
5.158567776e-01  3.7075341e+01  3.70753e+01
5.184360615e-01  3.7158402e+01  3.71584e+01
5.210282418e-01  3.7241343e+01  3.72413e+01
5.236333830e-01  3.7320266e+01  3.73203e+01
5.262515499e-01  3.7386329e+01  3.73863e+01
5.288828077e-01  3.7464069e+01  3.74641e+01
5.315272217e-01  3.7531023e+01  3.75310e+01
5.341848578e-01  3.7598545e+01  3.75985e+01
5.368557821e-01  3.7662539e+01  3.76625e+01
5.395400610e-01  3.7713533e+01  3.77135e+01
5.422377613e-01  3.7760221e+01  3.77602e+01
5.449489501e-01  3.7807805e+01  3.78078e+01
5.476736949e-01  3.7854447e+01  3.78544e+01
5.504120634e-01  3.7896487e+01  3.78965e+01
5.531641237e-01  3.7933455e+01  3.79335e+01
5.559299443e-01  3.7970436e+01  3.79704e+01
5.587095940e-01  3.8000332e+01  3.80003e+01
5.615031420e-01  3.8023211e+01  3.80232e+01
5.643106577e-01  3.8054733e+01  3.80547e+01
5.671322110e-01  3.8136754e+01  3.81368e+01
5.699678720e-01  3.8206700e+01  3.82067e+01
5.728177114e-01  3.8275526e+01  3.82755e+01
5.756818000e-01  3.8346277e+01  3.83463e+01
5.785602090e-01  3.8407061e+01  3.84071e+01
5.814530100e-01  3.8465787e+01  3.84658e+01
5.843602750e-01  3.8518677e+01  3.85187e+01
5.872820764e-01  3.8568476e+01  3.85685e+01
5.902184868e-01  3.8613609e+01  3.86136e+01
5.931695792e-01  3.8654329e+01  3.86543e+01
5.961354271e-01  3.8697623e+01  3.86976e+01
5.991161043e-01  3.8731349e+01  3.87313e+01
6.021116848e-01  3.8763158e+01  3.87632e+01
6.051222432e-01  3.8793990e+01  3.87940e+01
6.081478544e-01  3.8817227e+01  3.88172e+01
6.111885937e-01  3.8834921e+01  3.88349e+01
6.142445367e-01  3.8847107e+01  3.88471e+01
6.173157594e-01  3.8855549e+01  3.88555e+01
6.204023382e-01  3.8861610e+01  3.88616e+01
6.235043498e-01  3.8876562e+01  3.88766e+01
6.266218716e-01  3.8884347e+01  3.88843e+01
6.297549810e-01  3.8884731e+01  3.88847e+01
6.329037559e-01  3.8879746e+01  3.88797e+01
6.360682746e-01  3.8871156e+01  3.88712e+01
6.392486160e-01  3.8859030e+01  3.88590e+01
6.424448591e-01  3.8842662e+01  3.88427e+01
6.456570834e-01  3.8823883e+01  3.88239e+01
6.488853688e-01  3.8801916e+01  3.88019e+01
6.521297956e-01  3.8776749e+01  3.87767e+01
6.553904446e-01  3.8747544e+01  3.87475e+01
6.586673968e-01  3.8715127e+01  3.87151e+01
6.619607338e-01  3.8679334e+01  3.86793e+01
6.652705375e-01  3.8638096e+01  3.86381e+01
6.685968902e-01  3.8596379e+01  3.85964e+01
6.719398746e-01  3.8552836e+01  3.85528e+01
6.752995740e-01  3.8505135e+01  3.85051e+01
6.786760719e-01  3.8453960e+01  3.84540e+01
6.820694522e-01  3.8398581e+01  3.83986e+01
6.854797995e-01  3.8340630e+01  3.83406e+01
6.889071985e-01  3.8278815e+01  3.82788e+01
6.923517345e-01  3.8170379e+01  3.81704e+01
6.958134932e-01  3.8058146e+01  3.80581e+01
6.992925606e-01  3.7941498e+01  3.79415e+01
7.027890234e-01  3.7822068e+01  3.78221e+01
7.063029686e-01  3.7705406e+01  3.77054e+01
7.098344834e-01  3.7586389e+01  3.75864e+01
7.133836558e-01  3.7462999e+01  3.74630e+01
7.169505741e-01  3.7329590e+01  3.73296e+01
7.205353270e-01  3.7184292e+01  3.71843e+01
7.241380036e-01  3.7031098e+01  3.70311e+01
7.277586936e-01  3.6867645e+01  3.68676e+01
7.313974871e-01  3.6772724e+01  3.67727e+01
7.350544745e-01  3.6658062e+01  3.66581e+01
7.387297469e-01  3.6528432e+01  3.65284e+01
7.424233956e-01  3.6391931e+01  3.63919e+01
7.461355126e-01  3.6248742e+01  3.62487e+01
7.498661902e-01  3.6103359e+01  3.61034e+01
7.536155211e-01  3.5955805e+01  3.59558e+01
7.573835987e-01  3.5806054e+01  3.58061e+01
7.611705167e-01  3.5653145e+01  3.56531e+01
7.649763693e-01  3.5499351e+01  3.54994e+01
7.688012511e-01  3.5344449e+01  3.53444e+01
7.726452574e-01  3.5186853e+01  3.51869e+01
7.765084837e-01  3.5026661e+01  3.50267e+01
7.803910261e-01  3.4860763e+01  3.48608e+01
7.842929812e-01  3.4695932e+01  3.46959e+01
7.882144461e-01  3.4536683e+01  3.45367e+01
7.921555184e-01  3.4369939e+01  3.43699e+01
7.961162960e-01  3.4199026e+01  3.41990e+01
8.000968774e-01  3.4034137e+01  3.40341e+01
8.040973618e-01  3.3870497e+01  3.38705e+01
8.081178486e-01  3.3704631e+01  3.37046e+01
8.121584379e-01  3.3535906e+01  3.35359e+01
8.162192301e-01  3.3365562e+01  3.33656e+01
8.203003262e-01  3.3192886e+01  3.31929e+01
8.244018279e-01  3.3018293e+01  3.30183e+01
8.285238370e-01  3.2842439e+01  3.28424e+01
8.326664562e-01  3.2665114e+01  3.26651e+01
8.368297885e-01  3.2481504e+01  3.24815e+01
8.410139374e-01  3.2296017e+01  3.22960e+01
8.452190071e-01  3.2120705e+01  3.21207e+01
8.494451021e-01  3.1942185e+01  3.19422e+01
8.536923276e-01  3.1754647e+01  3.17546e+01
8.579607893e-01  3.1552954e+01  3.15530e+01
8.622505932e-01  3.1326201e+01  3.13262e+01
8.665618462e-01  3.1155622e+01  3.11556e+01
8.708946554e-01  3.0976906e+01  3.09769e+01
8.752491287e-01  3.0771280e+01  3.07713e+01
8.796253743e-01  3.0411371e+01  3.04114e+01
8.840235012e-01  2.9525931e+01  2.95259e+01
8.884436187e-01  2.9175701e+01  2.91757e+01
8.928858368e-01  2.9163937e+01  2.91639e+01
8.973502660e-01  2.9075636e+01  2.90756e+01
9.018370173e-01  2.9071797e+01  2.90718e+01
9.063462024e-01  2.8981614e+01  2.89816e+01
9.108779334e-01  2.8758224e+01  2.87582e+01
9.154323231e-01  2.8513905e+01  2.85139e+01
9.200094847e-01  2.8276556e+01  2.82766e+01
9.246095321e-01  2.8030577e+01  2.80306e+01
9.292325798e-01  2.7783814e+01  2.77838e+01
9.338787427e-01  2.7537031e+01  2.75370e+01
9.385481364e-01  2.7290494e+01  2.72905e+01
9.432408771e-01  2.7043776e+01  2.70438e+01
9.479570815e-01  2.6796094e+01  2.67961e+01
9.526968669e-01  2.6542845e+01  2.65428e+01
9.574603512e-01  2.6296614e+01  2.62966e+01
9.622476530e-01  2.6021848e+01  2.60218e+01
9.670588912e-01  2.5772397e+01  2.57724e+01
9.718941857e-01  2.5436889e+01  2.54369e+01
9.767536566e-01  2.5222314e+01  2.52223e+01
9.816374249e-01  2.4941690e+01  2.49417e+01
9.865456120e-01  2.4698914e+01  2.46989e+01
9.914783401e-01  2.4392456e+01  2.43925e+01
9.964357318e-01  2.4176079e+01  2.41761e+01
1.001417910e+00  2.3917893e+01  2.39179e+01
1.006425000e+00  2.3718851e+01  2.37189e+01
1.011457125e+00  2.3509862e+01  2.35099e+01
1.016514411e+00  2.3308639e+01  2.33086e+01
1.021596983e+00  2.3097004e+01  2.30970e+01
1.026704968e+00  2.2874237e+01  2.28742e+01
1.031838492e+00  2.2657806e+01  2.26578e+01
1.036997685e+00  2.2419771e+01  2.24198e+01
1.042182673e+00  2.2179747e+01  2.21797e+01
1.047393587e+00  2.1936125e+01  2.19361e+01
1.052630555e+00  2.1690600e+01  2.16906e+01
1.057893707e+00  2.1452899e+01  2.14529e+01
1.063183176e+00  2.1208125e+01  2.12081e+01
1.068499092e+00  2.0966760e+01  2.09668e+01
1.073841587e+00  2.0727081e+01  2.07271e+01
1.079210795e+00  2.0488830e+01  2.04888e+01
1.084606849e+00  2.0252159e+01  2.02522e+01
1.090029883e+00  2.0010720e+01  2.00107e+01
1.095480033e+00  1.9762587e+01  1.97626e+01
1.100957433e+00  1.9533268e+01  1.95333e+01
1.106462220e+00  1.9287286e+01  1.92873e+01
1.111994531e+00  1.8987894e+01  1.89879e+01
1.117554504e+00  1.8636318e+01  1.86363e+01
1.123142276e+00  1.8078318e+01  1.80783e+01
1.128757988e+00  1.7547587e+01  1.75476e+01
1.134401778e+00  1.7328375e+01  1.73284e+01
1.140073787e+00  1.7540827e+01  1.75408e+01
1.145774156e+00  1.7330685e+01  1.73307e+01
1.151503026e+00  1.6601180e+01  1.66012e+01
1.157260541e+00  1.6243052e+01  1.62431e+01
1.163046844e+00  1.5710558e+01  1.57106e+01
1.168862078e+00  1.5987194e+01  1.59872e+01
1.174706389e+00  1.6131613e+01  1.61316e+01
1.180579921e+00  1.6130078e+01  1.61301e+01
1.186482820e+00  1.5994361e+01  1.59944e+01
1.192415234e+00  1.5906567e+01  1.59066e+01
1.198377311e+00  1.5777868e+01  1.57779e+01
1.204369197e+00  1.5494693e+01  1.54947e+01
1.210391043e+00  1.5404767e+01  1.54048e+01
1.216442998e+00  1.5233105e+01  1.52331e+01
1.222525213e+00  1.4991421e+01  1.49914e+01
1.228637839e+00  1.4864273e+01  1.48643e+01
1.234781029e+00  1.4673437e+01  1.46734e+01
1.240954934e+00  1.4488873e+01  1.44889e+01
1.247159708e+00  1.4300571e+01  1.43006e+01
1.253395507e+00  1.4113875e+01  1.41139e+01
1.259662485e+00  1.3928163e+01  1.39282e+01
1.265960797e+00  1.3743695e+01  1.37437e+01
1.272290601e+00  1.3561851e+01  1.35619e+01
1.278652054e+00  1.3381737e+01  1.33817e+01
1.285045314e+00  1.3203032e+01  1.32030e+01
1.291470541e+00  1.3020925e+01  1.30209e+01
1.297927893e+00  1.2846803e+01  1.28468e+01
1.304417533e+00  1.2662395e+01  1.26624e+01
1.310939621e+00  1.2415245e+01  1.24152e+01
1.317494319e+00  1.1971146e+01  1.19711e+01
1.324081790e+00  1.1728610e+01  1.17286e+01
1.330702199e+00  1.1042337e+01  1.10423e+01
1.337355710e+00  1.1260514e+01  1.12605e+01
1.344042489e+00  1.0901659e+01  1.09017e+01
1.350762701e+00  1.0911176e+01  1.09112e+01
1.357516515e+00  1.0405517e+01  1.04055e+01
1.364304097e+00  1.0376771e+01  1.03768e+01
1.371125618e+00  1.0298091e+01  1.02981e+01
1.377981246e+00  1.0046179e+01  1.00462e+01
1.384871152e+00  9.8014988e+00  9.80150e+00
1.391795508e+00  9.7236084e+00  9.72361e+00
1.398754485e+00  9.6041793e+00  9.60418e+00
1.405748258e+00  9.3967190e+00  9.39672e+00
1.412776999e+00  9.5405035e+00  9.54050e+00
1.419840884e+00  9.6224298e+00  9.62243e+00
1.426940089e+00  9.5137775e+00  9.51378e+00
1.434074789e+00  8.3087532e+00  8.30875e+00
1.441245163e+00  9.1841932e+00  9.18419e+00
1.448451389e+00  9.3611062e+00  9.36111e+00
1.455693646e+00  9.2563463e+00  9.25635e+00
1.462972114e+00  9.1420270e+00  9.14203e+00
1.470286975e+00  8.9615656e+00  8.96157e+00
1.477638409e+00  8.8362751e+00  8.83628e+00
1.485026601e+00  8.7592402e+00  8.75924e+00
1.492451734e+00  8.6472882e+00  8.64729e+00
1.499913993e+00  8.5237428e+00  8.52374e+00
1.507413563e+00  8.4023336e+00  8.40233e+00
1.514950631e+00  8.2810562e+00  8.28106e+00
1.522525384e+00  8.1608881e+00  8.16089e+00
1.530138011e+00  8.0284387e+00  8.02844e+00
1.537788701e+00  7.8746991e+00  7.87470e+00
1.545477645e+00  7.7997276e+00  7.79973e+00
1.553205033e+00  7.6929864e+00  7.69299e+00
1.560971058e+00  7.5761384e+00  7.57614e+00
1.568775913e+00  7.2994508e+00  7.29945e+00
1.576619793e+00  6.9733663e+00  6.97337e+00
1.584502892e+00  7.2031569e+00  7.20316e+00
1.592425406e+00  7.1369975e+00  7.13700e+00
1.600387533e+00  6.7433135e+00  6.74331e+00
1.608389471e+00  6.6212899e+00  6.62129e+00
1.616431418e+00  6.7584448e+00  6.75844e+00
1.624513575e+00  6.5000003e+00  6.50000e+00
1.632636143e+00  6.0234253e+00  6.02343e+00
1.640799324e+00  5.7757540e+00  5.77575e+00
1.649003321e+00  5.0041876e+00  5.00419e+00
1.657248337e+00  5.6156140e+00  5.61561e+00
1.665534579e+00  4.5570169e+00  4.55702e+00
1.673862252e+00  5.4485299e+00  5.44853e+00
1.682231563e+00  5.4451678e+00  5.44517e+00
1.690642721e+00  5.2916670e+00  5.29167e+00
1.699095934e+00  5.0533318e+00  5.05333e+00
1.707591414e+00  4.2908973e+00  4.29090e+00
1.716129371e+00  4.9680996e+00  4.96810e+00
1.724710018e+00  4.2684412e+00  4.26844e+00
1.733333568e+00  4.8060169e+00  4.80602e+00
1.742000236e+00  5.0368954e+00  5.03690e+00
1.750710237e+00  5.0834619e+00  5.08346e+00
1.759463788e+00  5.0009698e+00  5.00097e+00
1.768261107e+00  4.6350666e+00  4.63507e+00
1.777102413e+00  4.3863135e+00  4.38631e+00
1.785987925e+00  4.4379395e+00  4.43794e+00
1.794917864e+00  4.4668527e+00  4.46685e+00
1.803892454e+00  4.4952694e+00  4.49527e+00
1.812911916e+00  4.5040087e+00  4.50401e+00
1.821976476e+00  4.5510164e+00  4.55102e+00
1.831086358e+00  4.5417277e+00  4.54173e+00
1.840241790e+00  4.4529461e+00  4.45295e+00
1.849442999e+00  4.4114116e+00  4.41141e+00
1.858690214e+00  4.3639108e+00  4.36391e+00
1.867983665e+00  4.3244775e+00  4.32448e+00
1.877323583e+00  4.2390595e+00  4.23906e+00
1.886710201e+00  4.1845146e+00  4.18451e+00
1.896143752e+00  4.1292064e+00  4.12921e+00
1.905624471e+00  4.0582695e+00  4.05827e+00
1.915152593e+00  3.9842625e+00  3.98426e+00
1.924728356e+00  3.9159593e+00  3.91596e+00
1.934351998e+00  3.8673541e+00  3.86735e+00
1.944023758e+00  3.7577191e+00  3.75772e+00
1.953743877e+00  2.2961607e+00  2.29616e+00
1.963512596e+00  2.1352591e+00  2.13526e+00
1.973330159e+00  3.2558709e+00  3.25587e+00
1.983196810e+00  3.5512647e+00  3.55126e+00
1.993112794e+00  3.3705083e+00  3.37051e+00
2.003078358e+00  1.2621039e+00  1.26210e+00
2.013093750e+00  1.2867532e+00  1.28675e+00
2.023159218e+00  2.6468052e+00  2.64681e+00
2.033275015e+00  3.1952224e+00  3.19522e+00
2.043441390e+00  3.0494318e+00  3.04943e+00
2.053658597e+00  2.0013955e+00  2.00140e+00
2.063926890e+00  2.0376448e+00  2.03764e+00
2.074246524e+00  2.8301262e+00  2.83013e+00
2.084617757e+00  2.9777956e+00  2.97780e+00
2.095040845e+00  2.9603421e+00  2.96034e+00
2.105516050e+00  2.9217170e+00  2.92172e+00
2.116043630e+00  2.8796393e+00  2.87964e+00
2.126623848e+00  2.8352141e+00  2.83521e+00
2.137256967e+00  2.7725951e+00  2.77260e+00
2.147943252e+00  2.6556927e+00  2.65569e+00
2.158682968e+00  2.4216329e+00  2.42163e+00
2.169476383e+00  2.2605024e+00  2.26050e+00
2.180323765e+00  2.3402312e+00  2.34023e+00
2.191225384e+00  2.3766706e+00  2.37667e+00
2.202181511e+00  1.4882429e+00  1.48824e+00
2.213192418e+00  2.1974249e+00  2.19742e+00
2.224258381e+00  1.8358002e+00  1.83580e+00
2.235379672e+00  1.6428961e+00  1.64290e+00
2.246556571e+00  1.4587427e+00  1.45874e+00
2.257789354e+00  1.2771605e+00  1.27716e+00
2.269078300e+00  1.1030746e+00  1.10307e+00
2.280423692e+00  1.0568521e+00  1.05685e+00
2.291825810e+00  8.1106648e-01  8.11066e-01
2.303284939e+00  5.9974897e-01  5.99749e-01
2.314801364e+00  9.3706246e-01  9.37062e-01
2.326375371e+00  8.8483326e-01  8.84833e-01
2.338007248e+00  7.0711814e-01  7.07118e-01
2.349697284e+00  5.4707801e-01  5.47078e-01
2.361445770e+00  8.8661005e-01  8.86610e-01
2.373252999e+00  6.0691893e-01  6.06919e-01
2.385119264e+00  9.3014605e-01  9.30146e-01
2.397044861e+00  1.0080098e+00  1.00801e+00
2.409030085e+00  1.3985452e+00  1.39855e+00
2.421075235e+00  1.3334805e+00  1.33348e+00
2.433180612e+00  1.4440050e+00  1.44400e+00
2.445346515e+00  1.5099948e+00  1.50999e+00
2.457573247e+00  1.6069729e+00  1.60697e+00
2.469861113e+00  1.6038030e+00  1.60380e+00
2.482210419e+00  1.5959457e+00  1.59595e+00
2.494621471e+00  1.5808471e+00  1.58085e+00
2.507094578e+00  1.5463910e+00  1.54639e+00
2.519630051e+00  1.5047581e+00  1.50476e+00
2.532228202e+00  1.4658990e+00  1.46590e+00
2.544889343e+00  1.4620187e+00  1.46202e+00
2.557613789e+00  1.2540716e+00  1.25407e+00
2.570401858e+00  1.0769272e+00  1.07693e+00
2.583253867e+00  1.0702602e+00  1.07026e+00
2.596170137e+00  1.1149054e+00  1.11491e+00
2.609150988e+00  1.1940923e+00  1.19409e+00
2.622196742e+00  1.2851166e+00  1.28512e+00
2.635307726e+00  1.3055446e+00  1.30554e+00
2.648484265e+00  1.3011073e+00  1.30111e+00
2.661726686e+00  1.0609704e+00  1.06097e+00
2.675035320e+00  1.1811072e-01  1.18111e-01
2.688410496e+00  1.7705998e-02  1.77060e-02
2.701852549e+00  1.4851163e-02  1.48512e-02
2.715361811e+00  1.8127743e-01  1.81277e-01
2.728938620e+00  5.0167124e-01  5.01671e-01
2.742583314e+00  2.1207511e-01  2.12075e-01
2.756296230e+00  1.6875076e-02  1.68751e-02
2.770077711e+00  1.7765877e-02  1.77659e-02
2.783928100e+00  3.2939487e-02  3.29395e-02
2.797847740e+00  2.0130074e-01  2.01301e-01
2.811836979e+00  3.6885043e-01  3.68850e-01
2.825896164e+00  4.5220414e-01  4.52204e-01
2.840025645e+00  5.2562786e-01  5.25628e-01
2.854225773e+00  6.4694592e-01  6.46946e-01
2.868496902e+00  7.5798275e-01  7.57983e-01
2.882839386e+00  7.5176157e-01  7.51762e-01
2.897253583e+00  7.2869669e-01  7.28697e-01
2.911739851e+00  7.0228560e-01  7.02286e-01
2.926298550e+00  6.7601538e-01  6.76015e-01
2.940930043e+00  6.5195226e-01  6.51952e-01
2.955634693e+00  6.3478713e-01  6.34787e-01
2.970412867e+00  6.1186902e-01  6.11869e-01
2.985264931e+00  5.9195510e-01  5.91955e-01
3.000191256e+00  5.8493687e-01  5.84937e-01
3.015192212e+00  5.7144374e-01  5.71444e-01
3.030268173e+00  5.6645185e-01  5.66452e-01
3.045419514e+00  5.5940874e-01  5.59409e-01
3.060646612e+00  5.5214909e-01  5.52149e-01
3.075949845e+00  5.4467976e-01  5.44680e-01
3.091329594e+00  5.3692999e-01  5.36930e-01
3.106786242e+00  5.2771854e-01  5.27719e-01
3.122320173e+00  5.1065992e-01  5.10660e-01
3.137931774e+00  4.9540457e-01  4.95405e-01
3.153621433e+00  4.3300269e-01  4.33003e-01
3.169389540e+00  3.8362441e-01  3.83624e-01
3.185236488e+00  2.9350036e-01  2.93500e-01
3.201162670e+00  1.5407609e-01  1.54076e-01
3.217168483e+00  9.8774598e-02  9.87746e-02
3.233254326e+00  7.0450193e-02  7.04502e-02
3.249420598e+00  5.3807012e-02  5.38070e-02
3.265667701e+00  5.0947108e-02  5.09471e-02
3.281996039e+00  1.0246551e-01  1.02466e-01
3.298406019e+00  8.6994859e-02  8.69949e-02
3.314898049e+00  1.8262701e-02  1.82627e-02
3.331472540e+00  8.0608001e-02  8.06080e-02
3.348129902e+00  8.0248550e-02  8.02486e-02
3.364870552e+00  6.6157347e-02  6.61573e-02
3.381694905e+00  7.0173164e-02  7.01732e-02
3.398603379e+00  9.1702695e-02  9.17027e-02
3.415596396e+00  1.1906546e-01  1.19065e-01
3.432674378e+00  1.2897896e-01  1.28979e-01
3.449837750e+00  1.3272924e-01  1.32729e-01
3.467086939e+00  1.5684627e-01  1.56846e-01
3.484422373e+00  1.1997319e-01  1.19973e-01
3.501844485e+00  1.6777678e-01  1.67777e-01
3.519353708e+00  2.3480091e-01  2.34801e-01
3.536950476e+00  9.1859687e-02  9.18597e-02
3.554635228e+00  1.5377873e-01  1.53779e-01
3.572408405e+00  1.3768361e-01  1.37684e-01
3.590270447e+00  1.7583743e-01  1.75837e-01
3.608221799e+00  1.7273844e-01  1.72738e-01
3.626262908e+00  2.0714134e-01  2.07141e-01
3.644394222e+00  1.9832931e-01  1.98329e-01
3.662616193e+00  2.4608436e-01  2.46084e-01
3.680929274e+00  2.8345919e-01  2.83459e-01
3.699333921e+00  2.7032011e-01  2.70320e-01
3.717830590e+00  2.6112658e-01  2.61127e-01
3.736419743e+00  2.3188605e-01  2.31886e-01
3.755101842e+00  2.6405791e-01  2.64058e-01
3.773877351e+00  2.4608257e-01  2.46083e-01
3.792746738e+00  2.3114012e-01  2.31140e-01
3.811710472e+00  2.4978937e-01  2.49789e-01
3.830769024e+00  2.4794808e-01  2.47948e-01
3.849922869e+00  2.1340914e-01  2.13409e-01
3.869172484e+00  2.3314413e-01  2.33144e-01
3.888518346e+00  2.4359453e-01  2.43595e-01
3.907960938e+00  2.2769301e-01  2.27693e-01
3.927500742e+00  2.4325170e-01  2.43252e-01
3.947138246e+00  2.5315007e-01  2.53150e-01
3.966873937e+00  2.5787950e-01  2.57879e-01
3.986708307e+00  2.5649722e-01  2.56497e-01
4.006641849e+00  2.3889425e-01  2.38894e-01
4.026675058e+00  2.6149237e-01  2.61492e-01
4.046808433e+00  2.3511048e-01  2.35110e-01
4.067042475e+00  2.5050945e-01  2.50509e-01
4.087377688e+00  2.4536792e-01  2.45368e-01
4.107814576e+00  2.3830511e-01  2.38305e-01
4.128353649e+00  2.3867210e-01  2.38672e-01
4.148995417e+00  2.2829973e-01  2.28300e-01
4.169740394e+00  1.3592633e-01  1.35926e-01
4.190589096e+00  1.2131984e-02  1.21320e-02
4.211542042e+00  8.1178677e-04  8.11787e-04
4.232599752e+00  4.7299745e-04  4.72997e-04
4.253762751e+00  5.2304077e-04  5.23041e-04
4.275031564e+00  5.4519036e-04  5.45190e-04
4.296406722e+00  6.1193823e-04  6.11938e-04
4.317888756e+00  9.4444605e-04  9.44446e-04
4.339478200e+00  1.6855523e-03  1.68555e-03
4.361175591e+00  1.8545857e-03  1.85459e-03
4.382981469e+00  3.6212354e-03  3.62124e-03
4.404896376e+00  2.5560182e-03  2.55602e-03
4.426920858e+00  6.2578375e-03  6.25784e-03
4.449055462e+00  3.3251719e-02  3.32517e-02
4.471300739e+00  1.0348624e-01  1.03486e-01
4.493657243e+00  1.5181136e-01  1.51811e-01
4.516125529e+00  1.1741160e-01  1.17412e-01
4.538706157e+00  6.3384175e-02  6.33842e-02
4.561399688e+00  3.3914133e-02  3.39141e-02
4.584206686e+00  1.8641526e-02  1.86415e-02
4.607127720e+00  1.1686923e-02  1.16869e-02
4.630163358e+00  1.5592094e-02  1.55921e-02
4.653314175e+00  3.0223891e-02  3.02239e-02
4.676580746e+00  3.0781364e-02  3.07814e-02
4.699963650e+00  1.7962546e-02  1.79625e-02
4.723463468e+00  1.5027545e-02  1.50275e-02
4.747080785e+00  2.1866477e-02  2.18665e-02
4.770816189e+00  3.2207022e-02  3.22070e-02
4.794670270e+00  4.2953065e-02  4.29531e-02
4.818643622e+00  5.6610777e-02  5.66108e-02
4.842736840e+00  5.7414148e-02  5.74141e-02
4.866950524e+00  7.9222818e-02  7.92228e-02
4.891285276e+00  1.0770489e-01  1.07705e-01
4.915741703e+00  1.2056049e-01  1.20560e-01
4.940320411e+00  1.2556021e-01  1.25560e-01
4.965022013e+00  1.2836577e-01  1.28366e-01
4.989847123e+00  1.2869594e-01  1.28696e-01
5.014796359e+00  1.2727498e-01  1.27275e-01
5.039870341e+00  1.2524366e-01  1.25244e-01
5.065069693e+00  1.2308299e-01  1.23083e-01
5.090395041e+00  1.2027770e-01  1.20278e-01
5.115847016e+00  1.1772273e-01  1.17723e-01
5.141426251e+00  1.1642364e-01  1.16424e-01
5.167133383e+00  9.2398206e-02  9.23982e-02
5.192969049e+00  9.8803895e-02  9.88039e-02
5.218933895e+00  9.0163234e-02  9.01632e-02
5.245028564e+00  9.8685573e-02  9.86856e-02
5.271253707e+00  1.0426462e-01  1.04265e-01
5.297609976e+00  1.0338934e-01  1.03389e-01
5.324098025e+00  1.0141428e-01  1.01414e-01
5.350718516e+00  9.9477131e-02  9.94771e-02
5.377472108e+00  9.7518173e-02  9.75182e-02
5.404359469e+00  9.5554528e-02  9.55545e-02
5.431381266e+00  9.3613120e-02  9.36131e-02
5.458538172e+00  9.1123375e-02  9.11234e-02
5.485830863e+00  8.8533645e-02  8.85336e-02
5.513260018e+00  8.5957683e-02  8.59577e-02
5.540826318e+00  8.2588142e-02  8.25881e-02
5.568530449e+00  7.6716252e-02  7.67163e-02
5.596373101e+00  6.5229265e-02  6.52293e-02
5.624354967e+00  5.1921397e-02  5.19214e-02
5.652476742e+00  4.4486440e-02  4.44864e-02
5.680739126e+00  4.7602093e-02  4.76021e-02
5.709142821e+00  5.9232510e-02  5.92325e-02
5.737688535e+00  5.3917837e-02  5.39178e-02
5.766376978e+00  4.6866846e-02  4.68668e-02
5.795208863e+00  4.1627154e-02  4.16272e-02
5.824184907e+00  4.2307113e-02  4.23071e-02
5.853305832e+00  4.3923000e-02  4.39230e-02
5.882572361e+00  4.5958102e-02  4.59581e-02
5.911985223e+00  4.5791372e-02  4.57914e-02
5.941545149e+00  4.4115233e-02  4.41152e-02
5.971252874e+00  4.2575034e-02  4.25750e-02
6.001109139e+00  4.1384395e-02  4.13844e-02
6.031114685e+00  4.1709888e-02  4.17099e-02
6.061270258e+00  4.1650584e-02  4.16506e-02
6.091576609e+00  4.0103722e-02  4.01037e-02
6.122034492e+00  4.0004787e-02  4.00048e-02
6.152644665e+00  4.0281056e-02  4.02811e-02
6.183407888e+00  4.0418852e-02  4.04189e-02
6.214324928e+00  3.9523565e-02  3.95236e-02
6.245396552e+00  3.9779752e-02  3.97798e-02
6.276623535e+00  4.1955648e-02  4.19556e-02
6.308006653e+00  4.2030310e-02  4.20303e-02
6.339546686e+00  4.1655577e-02  4.16556e-02
6.371244419e+00  4.3574294e-02  4.35743e-02
6.403100641e+00  4.3881253e-02  4.38813e-02
6.435116145e+00  4.3971527e-02  4.39715e-02
6.467291725e+00  4.3641872e-02  4.36419e-02
6.499628184e+00  4.2632941e-02  4.26329e-02
6.532126325e+00  4.5898475e-02  4.58985e-02
6.564786956e+00  4.6742550e-02  4.67426e-02
6.597610891e+00  4.7256196e-02  4.72562e-02
6.630598946e+00  4.7782539e-02  4.77825e-02
6.663751940e+00  4.8394556e-02  4.83946e-02
6.697070700e+00  4.9180293e-02  4.91803e-02
6.730556054e+00  4.9951261e-02  4.99513e-02
6.764208834e+00  5.0802340e-02  5.08023e-02
6.798029878e+00  5.1958650e-02  5.19587e-02
6.832020027e+00  5.3010234e-02  5.30102e-02
6.866180128e+00  5.3824359e-02  5.38244e-02
6.900511028e+00  5.4623336e-02  5.46233e-02
6.935013583e+00  5.5970430e-02  5.59704e-02
6.969688651e+00  5.6659474e-02  5.66595e-02
7.004537095e+00  5.7153573e-02  5.71536e-02
7.039559780e+00  5.7587384e-02  5.75874e-02
7.074757579e+00  5.9134764e-02  5.91348e-02
7.110131367e+00  5.9498116e-02  5.94981e-02
7.145682024e+00  6.0629608e-02  6.06296e-02
7.181410434e+00  6.0588630e-02  6.05886e-02
7.217317486e+00  6.5302876e-02  6.53029e-02
7.253404073e+00  7.2656033e-02  7.26560e-02
7.289671094e+00  7.8349153e-02  7.83492e-02
7.326119449e+00  8.7779107e-02  8.77791e-02
7.362750046e+00  9.3061474e-02  9.30615e-02
7.399563797e+00  9.6578746e-02  9.65787e-02
7.436561616e+00  9.9725285e-02  9.97253e-02
7.473744424e+00  1.0269797e-01  1.02698e-01
7.511113146e+00  1.0563860e-01  1.05639e-01
7.548668712e+00  1.0860081e-01  1.08601e-01
7.586412055e+00  1.1047160e-01  1.10472e-01
7.624344115e+00  1.1329077e-01  1.13291e-01
7.662465836e+00  1.1930144e-01  1.19301e-01
7.700778165e+00  1.2207067e-01  1.22071e-01
7.739282056e+00  1.2324022e-01  1.23240e-01
7.777978466e+00  1.2768549e-01  1.27685e-01
7.816868359e+00  1.3048592e-01  1.30486e-01
7.855952700e+00  1.3407819e-01  1.34078e-01
7.895232464e+00  1.3867348e-01  1.38673e-01
7.934708626e+00  1.4105432e-01  1.41054e-01
7.974382169e+00  1.4298146e-01  1.42981e-01
8.014254080e+00  1.4545622e-01  1.45456e-01
8.054325351e+00  1.4501057e-01  1.45011e-01
8.094596977e+00  1.3806016e-01  1.38060e-01
8.135069962e+00  1.3403325e-01  1.34033e-01
8.175745312e+00  1.3267594e-01  1.32676e-01
8.216624039e+00  1.2422118e-01  1.24221e-01
8.257707159e+00  1.1754730e-01  1.17547e-01
8.298995695e+00  1.0807558e-01  1.08076e-01
8.340490673e+00  1.0802650e-01  1.08026e-01
8.382193126e+00  1.0519821e-01  1.05198e-01
8.424104092e+00  1.0223980e-01  1.02240e-01
8.466224613e+00  1.0064882e-01  1.00649e-01
8.508555736e+00  1.0168042e-01  1.01680e-01
8.551098514e+00  1.0554674e-01  1.05547e-01
8.593854007e+00  1.0666057e-01  1.06661e-01
8.636823277e+00  1.1277331e-01  1.12773e-01
8.680007393e+00  1.0611105e-01  1.06111e-01
8.723407430e+00  1.0536407e-01  1.05364e-01
8.767024467e+00  1.0594614e-01  1.05946e-01
8.810859590e+00  1.0798176e-01  1.07982e-01
8.854913888e+00  1.0844697e-01  1.08447e-01
8.899188457e+00  1.1092593e-01  1.10926e-01
8.943684399e+00  1.1167701e-01  1.11677e-01
8.988402821e+00  1.1192673e-01  1.11927e-01
9.033344836e+00  1.1375343e-01  1.13753e-01
9.078511560e+00  1.1411129e-01  1.14111e-01
9.123904118e+00  1.1613347e-01  1.16133e-01
9.169523638e+00  1.1772942e-01  1.17729e-01
9.215371256e+00  1.1966428e-01  1.19664e-01
9.261448113e+00  1.2234841e-01  1.22348e-01
9.307755353e+00  1.2482970e-01  1.24830e-01
9.354294130e+00  1.2620086e-01  1.26201e-01
9.401065601e+00  1.2694780e-01  1.26948e-01
9.448070929e+00  1.3081208e-01  1.30812e-01
9.495311283e+00  1.3417381e-01  1.34174e-01
9.542787840e+00  1.3485052e-01  1.34851e-01
9.590501779e+00  1.3576292e-01  1.35763e-01
9.638454288e+00  1.3789531e-01  1.37895e-01
9.686646559e+00  1.3983827e-01  1.39838e-01
9.735079792e+00  1.4178322e-01  1.41783e-01
9.783755191e+00  1.4356528e-01  1.43565e-01
9.832673967e+00  1.4528324e-01  1.45283e-01
9.881837337e+00  1.4716498e-01  1.47165e-01
9.931246523e+00  1.4914373e-01  1.49144e-01
9.980902756e+00  1.5123840e-01  1.51238e-01
1.003080727e+01  1.5337173e-01  1.53372e-01
1.008096131e+01  1.5554777e-01  1.55548e-01
1.013136611e+01  1.5783890e-01  1.57839e-01
1.018202294e+01  1.6034952e-01  1.60350e-01
1.023293306e+01  1.6332203e-01  1.63322e-01
1.028409772e+01  1.6612593e-01  1.66126e-01
1.033551821e+01  1.6812461e-01  1.68125e-01
1.038719580e+01  1.6936334e-01  1.69363e-01
1.043913178e+01  1.7202047e-01  1.72020e-01
1.049132744e+01  1.7462354e-01  1.74624e-01
1.054378408e+01  1.7752983e-01  1.77530e-01
1.059650300e+01  1.8055020e-01  1.80550e-01
1.064948551e+01  1.8347704e-01  1.83477e-01
1.070273294e+01  1.8656539e-01  1.86565e-01
1.075624661e+01  1.8979888e-01  1.89799e-01
1.081002784e+01  1.9318139e-01  1.93181e-01
1.086407798e+01  1.9663881e-01  1.96639e-01
1.091839837e+01  2.0013034e-01  2.00130e-01
1.097299036e+01  2.0367628e-01  2.03676e-01
1.102785531e+01  2.0726685e-01  2.07267e-01
1.108299459e+01  2.1124182e-01  2.11242e-01
1.113840956e+01  2.1641252e-01  2.16413e-01
1.119410161e+01  2.2165338e-01  2.21653e-01
1.125007212e+01  2.2697032e-01  2.26970e-01
1.130632248e+01  2.3236019e-01  2.32360e-01
1.136285409e+01  2.3782399e-01  2.37824e-01
1.141966836e+01  2.4335461e-01  2.43355e-01
1.147676670e+01  2.4895381e-01  2.48954e-01
1.153415054e+01  2.5462006e-01  2.54620e-01
1.159182129e+01  2.6036163e-01  2.60362e-01
1.164978039e+01  2.6615021e-01  2.66150e-01
1.170802930e+01  2.7185307e-01  2.71853e-01
1.176656944e+01  2.7661494e-01  2.76615e-01
1.182540229e+01  2.8141230e-01  2.81412e-01
1.188452930e+01  2.8623972e-01  2.86240e-01
1.194395195e+01  2.9109840e-01  2.91098e-01
1.200367171e+01  2.9598922e-01  2.95989e-01
1.206369007e+01  3.0096499e-01  3.00965e-01
1.212400852e+01  3.0590453e-01  3.05905e-01
1.218462856e+01  3.1096527e-01  3.10965e-01
1.224555170e+01  3.1620716e-01  3.16207e-01
1.230677946e+01  3.2162674e-01  3.21627e-01
1.236831336e+01  3.2730204e-01  3.27302e-01
1.243015492e+01  3.3288019e-01  3.32880e-01
1.249230570e+01  3.3820186e-01  3.38202e-01
1.255476723e+01  3.4298861e-01  3.42989e-01
1.261754106e+01  3.6323982e-01  3.63240e-01
1.268062877e+01  3.5246511e-01  3.52465e-01
1.274403191e+01  3.5805614e-01  3.58056e-01
1.280775207e+01  3.6340603e-01  3.63406e-01
1.287179083e+01  3.6841565e-01  3.68416e-01
1.293614979e+01  3.7317073e-01  3.73171e-01
1.300083054e+01  3.7797066e-01  3.77971e-01
1.306583469e+01  3.8421004e-01  3.84210e-01
1.313116386e+01  3.9467940e-01  3.94679e-01
1.319681968e+01  4.1286906e-01  4.12869e-01
1.326280378e+01  4.4565336e-01  4.45653e-01
1.332911780e+01  4.8812485e-01  4.88125e-01
1.339576339e+01  5.3855483e-01  5.38555e-01
1.346274221e+01  5.8706640e-01  5.87066e-01
1.353005592e+01  6.1460452e-01  6.14605e-01
1.359770620e+01  6.2960858e-01  6.29609e-01
1.366569473e+01  6.3742345e-01  6.37423e-01
1.373402320e+01  6.3737409e-01  6.37374e-01
1.380269332e+01  6.3616852e-01  6.36169e-01
1.387170678e+01  6.7908062e-01  6.79081e-01
1.394106532e+01  6.5937124e-01  6.59371e-01
1.401077064e+01  6.7069738e-01  6.70697e-01
1.408082450e+01  6.8083505e-01  6.80835e-01
1.415122862e+01  6.9121031e-01  6.91210e-01
1.422198476e+01  6.9783991e-01  6.97840e-01
1.429309469e+01  7.0275074e-01  7.02751e-01
1.436456016e+01  7.0672268e-01  7.06723e-01
1.443638296e+01  7.0957967e-01  7.09580e-01
1.450856487e+01  7.1190494e-01  7.11905e-01
1.458110770e+01  7.1413500e-01  7.14135e-01
1.465401324e+01  7.1611840e-01  7.16118e-01
1.472728330e+01  7.1799338e-01  7.17993e-01
1.480091972e+01  7.1978487e-01  7.19785e-01
1.487492432e+01  7.2143460e-01  7.21435e-01
1.494929894e+01  7.2308756e-01  7.23088e-01
1.502404544e+01  7.2450032e-01  7.24500e-01
1.509916566e+01  7.2589057e-01  7.25891e-01
1.517466149e+01  7.2718766e-01  7.27188e-01
1.525053480e+01  7.2838743e-01  7.28387e-01
1.532678747e+01  7.2949991e-01  7.29500e-01
1.540342141e+01  7.3047449e-01  7.30474e-01
1.548043852e+01  7.3122250e-01  7.31222e-01
1.555784071e+01  7.3186546e-01  7.31865e-01
1.563562991e+01  7.3197302e-01  7.31973e-01
1.571380806e+01  7.3205315e-01  7.32053e-01
1.579237710e+01  7.3123504e-01  7.31235e-01
1.587133899e+01  7.2982286e-01  7.29823e-01
1.595069568e+01  7.2481091e-01  7.24811e-01
1.603044916e+01  7.2038888e-01  7.20389e-01
1.611060141e+01  7.0626225e-01  7.06262e-01
1.619115441e+01  7.2848864e-01  7.28489e-01
1.627211019e+01  7.0765908e-01  7.07659e-01
1.635347074e+01  6.9911282e-01  6.99113e-01
1.643523809e+01  7.0501472e-01  7.05015e-01
1.651741428e+01  6.9240930e-01  6.92409e-01
1.660000135e+01  6.8750855e-01  6.87509e-01
1.668300136e+01  6.7350647e-01  6.73506e-01
1.676641637e+01  6.5518812e-01  6.55188e-01
1.685024845e+01  6.3516280e-01  6.35163e-01
1.693449969e+01  5.9090792e-01  5.90908e-01
1.701917219e+01  5.6840631e-01  5.68406e-01
1.710426805e+01  5.4900105e-01  5.49001e-01
1.718978939e+01  5.2406444e-01  5.24064e-01
1.727573834e+01  5.1303707e-01  5.13037e-01
1.736211703e+01  5.0829605e-01  5.08296e-01
1.744892761e+01  5.0258826e-01  5.02588e-01
1.753617225e+01  5.0032274e-01  5.00323e-01
1.762385311e+01  4.9916482e-01  4.99165e-01
1.771197238e+01  4.9861469e-01  4.98615e-01
1.780053224e+01  4.9744407e-01  4.97444e-01
1.788953490e+01  4.9631684e-01  4.96317e-01
1.797898258e+01  4.9511221e-01  4.95112e-01
1.806887749e+01  4.9387379e-01  4.93874e-01
1.815922188e+01  4.9270545e-01  4.92705e-01
1.825001799e+01  4.9137062e-01  4.91371e-01
1.834126808e+01  4.9715868e-01  4.97159e-01
1.843297442e+01  4.8876397e-01  4.88764e-01
1.852513929e+01  4.8724636e-01  4.87246e-01
1.861776499e+01  4.8591464e-01  4.85915e-01
1.871085381e+01  4.8459898e-01  4.84599e-01
1.880440808e+01  4.8312212e-01  4.83122e-01
1.889843012e+01  4.8145378e-01  4.81454e-01
1.899292227e+01  4.7975579e-01  4.79756e-01
1.908788688e+01  4.7806245e-01  4.78062e-01
1.918332632e+01  4.7637134e-01  4.76371e-01
1.927924295e+01  4.7460273e-01  4.74603e-01
1.937563916e+01  4.7283168e-01  4.72832e-01
1.947251736e+01  4.7104962e-01  4.71050e-01
1.956987994e+01  4.6923526e-01  4.69235e-01
1.966772934e+01  4.6739281e-01  4.67393e-01
1.976606799e+01  4.6549157e-01  4.65492e-01
1.986489833e+01  4.6356564e-01  4.63566e-01
1.996422282e+01  4.6160081e-01  4.61601e-01
