  1.923783E-01  1.00E-08  4.59E-05  5.28E-05  3.50E-03  3.86E+11  4.69E+11 -2.96E+11 -1.81E+11  3.50E+09 -5.19E+07  4.30E+15  4.19E+14  3.27E+11  3.50E+10  7.89E+06  5.03E+09  8.13E+03  3.15E+19  1.42E-17  1.00E+10  0.00E+00  0.00E+00  2.51E+23
  1.950454E-01  1.00E-08  4.59E-05  5.28E-05  3.50E-03  3.85E+11  4.69E+11 -2.96E+11 -1.81E+11  3.50E+09 -5.20E+07  4.29E+15  4.11E+14  3.27E+11  3.50E+10  7.89E+06  5.03E+09  8.13E+03  3.15E+19  1.42E-17  1.00E+10  0.00E+00  0.00E+00  2.51E+23
  6.318866E+02  1.00E-08  4.59E-05  5.28E-05  3.50E-03  3.09E+11  1.63E+13 -2.97E+11 -1.98E+11  3.50E+09 -8.97E+07 -6.07E+14  1.28E+13  3.27E+11  3.49E+10  7.87E+06  5.03E+09  8.13E+03  3.13E+19  1.42E-17  1.00E+10  0.00E+00  0.00E+00  2.51E+23
  6.406683E+02  1.00E-08  4.59E-05  5.28E-05  3.50E-03  3.08E+11  1.66E+13 -2.97E+11 -1.98E+11  3.50E+09 -9.00E+07 -6.44E+14  1.26E+13  3.27E+11  3.49E+10  7.87E+06  5.03E+09  8.14E+03  3.13E+19  1.42E-17  1.00E+10  0.00E+00  0.00E+00  2.51E+23
  6.282971E+04  1.00E-08  4.59E-05  5.28E-05  3.52E-03  1.61E+11  4.23E+14 -3.03E+11 -2.13E+11  3.50E+09 -1.48E+08 -6.99E+15  1.98E+07  2.83E+11  2.84E+10  6.50E+06  4.98E+09  8.34E+03  3.08E+19  1.82E-17  1.00E+10  0.00E+00  0.00E+00  2.51E+23
  6.294361E+04  1.00E-08  4.59E-05  5.28E-05  3.52E-03  1.61E+11  4.24E+14 -3.03E+11 -2.13E+11  3.50E+09 -1.48E+08 -6.98E+15  1.98E+07  2.83E+11  2.84E+10  6.49E+06  4.98E+09  8.34E+03  3.08E+19  1.82E-17  1.00E+10  0.00E+00  0.00E+00  2.51E+23
  2.757949E+06  1.00E-08  4.60E-05  5.29E-05  3.63E-03  3.38E+10  6.13E+14 -3.24E+11 -2.11E+11  3.50E+09 -9.01E+07 -3.04E+14 -6.40E+07  3.82E+10  2.62E+09  1.14E+06  3.79E+09  1.67E+04  2.98E+19  1.30E-16  1.00E+10  0.00E+00  0.00E+00  2.51E+23
  1.953003E+07  1.00E-08  4.66E-05  5.37E-05  3.90E-03  8.46E+09  6.26E+14 -3.52E+11 -2.37E+11  3.50E+09 -1.16E+08 -1.16E+13  5.12E+07  3.62E+09  2.97E+08  4.56E+05  3.42E+09  3.06E+04  2.13E+19  6.13E-17  1.00E+10  0.00E+00  0.00E+00  2.51E+23
  1.275235E+08  1.00E-08  7.31E-05  8.52E-05  5.08E-03 -1.85E+11  6.32E+14 -1.19E+12 -1.15E+12  3.50E+09 -1.61E+08 -1.24E+12 -6.33E+07  1.51E+11  7.52E+09  6.81E+05  3.54E+09  1.38E+04  4.23E+18  1.03E-17  1.00E+10  0.00E+00  0.00E+00  2.51E+23
  2.682357E+09  1.00E-08  5.59E-04  7.00E-04  1.32E-02 -2.10E+11  6.41E+14 -3.49E+12 -2.19E+12  3.50E+09 -1.26E+08 -2.46E+10 -9.01E+07  1.71E+11  9.00E+09  4.82E+05  3.53E+09  1.33E+03  1.52E+15  4.50E-19  1.00E+10  0.00E+00  0.00E+00  2.46E+23
  6.872868E+09  1.00E-08  5.22E-04  6.78E-04  2.12E-02 -7.03E+09  6.42E+14 -3.25E+12 -2.11E+12  3.50E+09 -1.70E+08 -1.98E+10  3.21E+07  7.64E+10  7.27E+09  4.80E+05  3.54E+09  3.39E+02  2.17E+12  4.51E-20  1.00E+10  0.00E+00  0.00E+00  2.37E+23
  6.872997E+09  1.00E-08  5.22E-04  6.78E-04  2.12E-02 -7.02E+09  6.42E+14 -3.25E+12 -2.11E+12  3.50E+09 -1.70E+08 -1.98E+10  3.19E+07  7.64E+10  7.27E+09  4.80E+05  3.54E+09  3.39E+02  2.17E+12  4.51E-20  1.00E+10  0.00E+00  0.00E+00  2.37E+23
  7.238559E+09  1.00E-08  5.19E-04  6.76E-04  2.19E-02  3.42E+09  6.42E+14 -3.23E+12 -2.10E+12  3.50E+09 -1.68E+08 -1.95E+10 -1.45E+07  7.28E+10  7.04E+09  4.84E+05  3.54E+09  3.01E+02  4.27E+11  3.29E-20  1.00E+10  0.00E+00  0.00E+00  2.36E+23
  7.240507E+09  1.00E-08  5.19E-04  6.76E-04  2.19E-02  3.43E+09  6.42E+14 -3.23E+12 -2.10E+12  3.50E+09 -1.68E+08 -1.95E+10 -1.47E+07  7.27E+10  7.03E+09  4.84E+05  3.54E+09  3.01E+02  4.27E+11  3.29E-20  1.00E+10  0.00E+00  0.00E+00  2.36E+23
  8.860992E+09  1.00E-08  5.04E-04  6.66E-04  2.51E-02  4.37E+09  6.42E+14 -3.14E+12 -2.07E+12  3.50E+09 -1.43E+08 -1.89E+10  1.50E+07  3.52E+10  4.15E+09  3.13E+05  3.53E+09  1.74E+02  5.41E+11  4.67E-20  1.00E+10  0.00E+00  0.00E+00  2.33E+23
  8.860992E+09  1.00E-08  5.04E-04  6.66E-04  2.51E-02  4.37E+09  6.42E+14 -3.14E+12 -2.07E+12  3.50E+09 -1.43E+08 -1.89E+10  1.71E+06  3.52E+10  4.14E+09  3.13E+05  3.53E+09  1.74E+02  5.41E+11  4.68E-20  1.00E+10  0.00E+00  0.00E+00  2.33E+23
  1.013429E+10  1.00E-08  4.93E-04  6.58E-04  2.76E-02  4.14E+09  6.42E+14 -3.07E+12 -2.05E+12  3.50E+09 -1.43E+08 -1.86E+10  3.48E+06  1.51E+10  2.69E+09  2.36E+05  3.52E+09  1.14E+02  6.49E+11  5.05E-19  1.00E+10  0.00E+00  0.00E+00  2.30E+23
  1.013429E+10  1.00E-08  4.93E-04  6.58E-04  2.76E-02  4.14E+09  6.42E+14 -3.07E+12 -2.05E+12  3.50E+09 -1.43E+08 -1.85E+10  7.61E+06  1.51E+10  2.69E+09  2.36E+05  3.52E+09  1.14E+02  6.49E+11  5.05E-19  1.00E+10  0.00E+00  0.00E+00  2.30E+23
  1.092690E+10  1.00E-08  4.86E-04  6.53E-04  2.92E-02  3.95E+09  6.42E+14 -3.02E+12 -2.03E+12  3.50E+09 -1.45E+08 -1.83E+10 -3.80E+08  7.89E+09  2.02E+09  2.19E+05  3.51E+09  8.71E+01  6.66E+11  1.03E-18  1.00E+10  0.00E+00  0.00E+00  2.28E+23
  1.092691E+10  1.00E-08  4.86E-04  6.53E-04  2.92E-02  3.95E+09  6.42E+14 -3.02E+12 -2.03E+12  3.50E+09 -1.45E+08 -1.83E+10 -6.34E+07  7.89E+09  2.02E+09  2.19E+05  3.51E+09  8.71E+01  6.66E+11  1.03E-18  1.00E+10  0.00E+00  0.00E+00  2.28E+23
  1.210600E+10  1.00E-08  4.76E-04  6.47E-04  3.14E-02  3.55E+09  6.42E+14 -2.96E+12 -2.01E+12  3.50E+09 -1.52E+08 -1.80E+10  1.36E+07  3.39E+09  1.27E+09  2.75E+05  3.51E+09  5.89E+01  5.24E+11  1.42E-18  1.00E+10  0.00E+00  0.00E+00  2.26E+23
  1.210600E+10  1.00E-08  4.76E-04  6.47E-04  3.14E-02  3.55E+09  6.42E+14 -2.96E+12 -2.01E+12  3.50E+09 -1.52E+08 -1.80E+10  1.36E+07  3.39E+09  1.27E+09  2.75E+05  3.51E+09  5.90E+01  5.24E+11  1.42E-18  1.00E+10  0.00E+00  0.00E+00  2.26E+23
  1.320047E+10  1.00E-08  4.66E-04  6.41E-04  3.36E-02  2.99E+09  6.42E+14 -2.90E+12 -1.99E+12  3.50E+09 -1.67E+08 -1.77E+10  1.25E+07  2.65E+09  7.68E+08  5.52E+05  3.51E+09  4.14E+01  3.25E+11  1.49E-18  1.00E+10  0.00E+00  0.00E+00  2.24E+23
  1.320047E+10  1.00E-08  4.66E-04  6.41E-04  3.36E-02  2.99E+09  6.42E+14 -2.90E+12 -1.99E+12  3.50E+09 -1.67E+08 -1.77E+10  1.25E+07  2.65E+09  7.68E+08  5.52E+05  3.51E+09  4.14E+01  3.25E+11  1.49E-18  1.00E+10  0.00E+00  0.00E+00  2.24E+23
  1.670512E+10  1.00E-08  4.38E-04  6.25E-04  4.03E-02  1.55E+09  6.42E+14 -2.73E+12 -1.95E+12  3.50E+09 -2.71E+08 -1.58E+10 -1.19E+08  8.74E+09  4.91E+07  1.63E+07  3.51E+09  1.32E+01  1.13E+12  6.79E-19  1.00E+10  0.00E+00  0.00E+00  2.19E+23
  1.670512E+10  1.00E-08  4.38E-04  6.25E-04  4.03E-02  1.55E+09  6.42E+14 -2.73E+12 -1.95E+12  3.50E+09 -2.71E+08 -1.58E+10 -3.78E+07  8.74E+09  4.91E+07  1.63E+07  3.51E+09  1.32E+01  1.13E+12  6.79E-19  1.00E+10  0.00E+00  0.00E+00  2.19E+23
  3.140234E+10  1.00E-08  3.41E-04  5.59E-04  6.81E-02  7.19E+10  6.42E+14 -2.12E+12 -1.74E+12  3.50E+09 -2.88E+08 -1.28E+10 -1.49E+06  5.06E+10  2.92E+07  6.48E+07  3.50E+09  1.17E-01  1.65E+14  3.31E-26  1.00E+10  0.00E+00  0.00E+00  1.95E+23
  3.556418E+10  1.00E-08  3.17E-04  5.39E-04  7.59E-02  7.95E+10  6.42E+14 -1.98E+12 -1.68E+12  3.50E+09 -2.86E+08 -1.19E+10  5.70E+07  5.45E+10  1.59E+07  6.49E+07  3.50E+09  3.04E-02  1.40E+14  1.23E-26  1.00E+10  0.00E+00  0.00E+00  1.88E+23
  3.901320E+10  1.00E-08  2.99E-04  5.23E-04  8.25E-02  8.26E+10  6.42E+14 -1.86E+12 -1.63E+12  3.50E+09 -2.86E+08 -1.11E+10  5.46E+06  5.60E+10  9.57E+06  6.43E+07  3.50E+09  9.96E-03  1.09E+14  1.05E-27  1.00E+10  0.00E+00  0.00E+00  1.83E+23
  4.214637E+10  1.00E-08  2.83E-04  5.09E-04  8.85E-02  8.50E+10  6.42E+14 -1.76E+12 -1.58E+12  3.50E+09 -2.85E+08 -1.05E+10 -1.01E+06  5.76E+10  6.94E+06  6.40E+07  3.50E+09  3.58E-03  9.32E+13  8.80E-29  1.00E+10  0.00E+00  0.00E+00  1.78E+23
  4.403920E+10  1.00E-08  2.74E-04  5.00E-04  9.21E-02  8.63E+10  6.42E+14 -1.71E+12 -1.56E+12  3.50E+09 -2.85E+08 -1.02E+10 -2.46E+05  5.85E+10  6.33E+06  6.38E+07  3.50E+09  1.92E-03  9.10E+13  1.89E-29  1.00E+10  0.00E+00  0.00E+00  1.75E+23
  4.593667E+10  1.00E-08  2.65E-04  4.92E-04  9.58E-02  8.74E+10  6.42E+14 -1.65E+12 -1.53E+12  3.50E+09 -2.85E+08 -9.83E+09 -3.86E+08  5.93E+10  6.22E+06  6.38E+07  3.50E+09  1.02E-03  9.41E+13  3.88E-30  1.00E+10  0.00E+00  0.00E+00  1.72E+23
  4.760433E+10  1.00E-08  2.57E-04  4.84E-04  9.91E-02  8.83E+10  6.42E+14 -1.60E+12 -1.51E+12  3.50E+09 -2.84E+08 -9.52E+09 -2.04E+08  6.00E+10  6.45E+06  6.37E+07  3.50E+09  5.77E-04  1.02E+14  8.98E-31  1.00E+10  0.00E+00  0.00E+00  1.69E+23
  4.892940E+10  1.00E-08  2.51E-04  4.79E-04  1.02E-01  8.88E+10  6.42E+14 -1.56E+12 -1.49E+12  3.50E+09 -2.84E+08 -9.28E+09  1.35E+06  6.05E+10  6.82E+06  6.37E+07  3.50E+09  3.64E-04  1.11E+14  2.73E-31  1.00E+10  0.00E+00  0.00E+00  1.67E+23
  4.991520E+10  1.00E-08  2.47E-04  4.74E-04  1.04E-01  8.92E+10  6.42E+14 -1.54E+12 -1.48E+12  3.50E+09 -2.84E+08 -9.11E+09 -3.17E+07  6.08E+10  7.20E+06  6.37E+07  3.50E+09  2.58E-04  1.21E+14  1.07E-31  1.00E+10  0.00E+00  0.00E+00  1.66E+23
  5.157961E+10  1.00E-08  2.39E-04  4.67E-04  1.07E-01  8.98E+10  6.42E+14 -1.49E+12 -1.45E+12  3.50E+09 -2.84E+08 -8.81E+09  2.71E+05  6.13E+10  8.04E+06  6.38E+07  3.50E+09  1.43E-04  1.43E+14  1.95E-32  1.00E+10  0.00E+00  0.00E+00  1.63E+23
  5.267783E+10  1.00E-08  2.34E-04  4.62E-04  1.10E-01  9.02E+10  6.42E+14 -1.46E+12 -1.44E+12  3.50E+09 -2.84E+08 -8.62E+09  4.93E+05  6.17E+10  8.73E+06  6.38E+07  3.50E+09  9.65E-05  1.63E+14  9.76E-33  1.00E+10  0.00E+00  0.00E+00  1.62E+23
  5.383717E+10  1.00E-08  2.29E-04  4.57E-04  1.12E-01  9.06E+10  6.42E+14 -1.43E+12 -1.42E+12  3.50E+09 -2.84E+08 -8.43E+09  4.49E+05  6.20E+10  9.57E+06  6.38E+07  3.50E+09  6.40E-05  1.89E+14  3.84-119  1.00E+10  0.00E+00  0.00E+00  1.60E+23
  5.496422E+10  1.00E-08  2.24E-04  4.53E-04  1.14E-01  9.09E+10  6.42E+14 -1.40E+12 -1.41E+12  3.50E+09 -2.83E+08 -8.23E+09 -6.77E+07  6.24E+10  1.05E+07  6.39E+07  3.50E+09  4.27E-05  2.23E+14  3.84-119  1.00E+10  0.00E+00  0.00E+00  1.58E+23
  5.605588E+10  1.00E-08  2.20E-04  4.48E-04  1.17E-01  9.12E+10  6.42E+14 -1.37E+12 -1.40E+12  3.50E+09 -2.83E+08 -8.06E+09  1.18E+05  6.27E+10  1.15E+07  6.39E+07  3.50E+09  2.91E-05  2.65E+14  3.84-119  1.00E+10  0.00E+00  0.00E+00  1.57E+23
  5.692282E+10  1.00E-08  2.17E-04  4.45E-04  1.18E-01  9.15E+10  6.42E+14 -1.35E+12 -1.39E+12  3.50E+09 -2.83E+08 -7.92E+09  1.35E+05  6.29E+10  1.24E+07  6.40E+07  3.50E+09  2.15E-05  3.07E+14  3.84-119  1.00E+10  0.00E+00  0.00E+00  1.56E+23
