  4.042313E+07  1.00E-08  4.59E-05  5.31E-05  1.04E-01  5.83E+10  2.52E+15 -2.78E+11 -1.69E+11  3.50E+09 -2.21E+08  5.33E+10  1.33E+10  4.84E+10  9.66E+06  3.65E+05  3.53E+09  3.58E+03  1.67E+11  8.05E-17  1.00E+10  0.00E+00  0.00E+00  1.24E+21
  4.091893E+07  1.00E-08  4.59E-05  5.31E-05  1.04E-01  5.85E+10  2.48E+15 -2.78E+11 -1.69E+11  3.50E+09 -2.22E+08  5.33E+10  1.33E+10  4.84E+10  9.47E+06  3.66E+05  3.53E+09  3.56E+03  1.67E+11  7.99E-17  1.00E+10  0.00E+00  0.00E+00  1.24E+21
  1.139451E+08  1.00E-08  4.59E-05  5.35E-05  1.04E-01  6.39E+10  7.85E+14 -2.77E+11 -1.69E+11  3.50E+09 -2.76E+08  7.33E+10  3.67E+10  5.23E+10  1.71E+06  3.69E+05  3.55E+09  1.38E+03  1.01E+11  2.40E-17  1.00E+10  0.00E+00  0.00E+00  1.24E+21
  1.139473E+08  1.00E-08  4.59E-05  5.35E-05  1.04E-01  6.39E+10  7.85E+14 -2.77E+11 -1.69E+11  3.50E+09 -2.76E+08  7.33E+10  3.66E+10  5.23E+10  1.71E+06  3.69E+05  3.55E+09  1.38E+03  1.01E+11  2.40E-17  1.00E+10  0.00E+00  0.00E+00  1.24E+21
  1.661667E+08  1.00E-08  4.57E-05  5.37E-05  1.04E-01  6.10E+10  5.09E+14 -2.75E+11 -1.68E+11  3.50E+09 -2.85E+08  7.82E+10  4.95E+10  5.05E+10  1.07E+06  3.42E+05  3.55E+09  6.78E+02  7.94E+10  6.89E-18  1.00E+10  0.00E+00  0.00E+00  1.23E+21
  1.661667E+08  1.00E-08  4.57E-05  5.37E-05  1.04E-01  6.10E+10  5.09E+14 -2.75E+11 -1.68E+11  3.50E+09 -2.85E+08  7.82E+10  4.95E+10  5.05E+10  1.07E+06  3.42E+05  3.55E+09  6.78E+02  7.94E+10  6.89E-18  1.00E+10  0.00E+00  0.00E+00  1.23E+21
  2.150488E+08  1.00E-08  4.56E-05  5.39E-05  1.04E-01  6.06E+10  3.63E+14 -2.72E+11 -1.66E+11  3.50E+09 -2.88E+08  7.84E+10  5.33E+10  5.03E+10  1.84E+06  3.30E+05  3.55E+09  3.53E+02  6.50E+10  1.19E-18  1.00E+10  0.00E+00  0.00E+00  1.23E+21
  2.647257E+08  1.00E-08  4.54E-05  5.39E-05  1.04E-01  6.23E+10  2.63E+14 -2.70E+11 -1.65E+11  3.50E+09 -2.88E+08  7.77E+10  5.47E+10  5.15E+10  2.87E+06  3.30E+05  3.55E+09  1.81E+02  5.50E+10  1.70E-19  1.00E+10  0.00E+00  0.00E+00  1.23E+21
  3.410456E+08  1.00E-08  4.50E-05  5.40E-05  1.04E-01  6.62E+10  1.62E+14 -2.67E+11 -1.64E+11  3.50E+09 -2.84E+08  7.65E+10  5.51E+10  5.40E+10  2.71E+06  3.38E+05  3.56E+09  6.45E+01  4.46E+10  1.66E-20  1.00E+10  0.00E+00  0.00E+00  1.23E+21
  4.368369E+08  1.00E-08  4.44E-05  5.39E-05  1.04E-01  7.06E+10  8.81E+13 -2.63E+11 -1.63E+11  3.50E+09 -2.79E+08  7.53E+10  5.49E+10  5.68E+10  1.66E+06  3.45E+05  3.57E+09  1.75E+01  3.63E+10  1.69E-18  1.00E+10  0.00E+00  0.00E+00  1.22E+21
  6.202495E+08  1.00E-08  4.33E-05  5.37E-05  1.04E-01  7.50E+10  2.76E+13 -2.55E+11 -1.61E+11  3.50E+09 -2.76E+08  7.43E+10  5.46E+10  5.94E+10  6.92E+05  3.43E+05  3.57E+09  1.76E+00  2.71E+10  8.90E-18  1.00E+10  0.00E+00  0.00E+00  1.22E+21
  6.202495E+08  1.00E-08  4.33E-05  5.37E-05  1.04E-01  7.50E+10  2.76E+13 -2.55E+11 -1.61E+11  3.50E+09 -2.76E+08  7.43E+10  5.46E+10  5.94E+10  6.92E+05  3.43E+05  3.57E+09  1.76E+00  2.71E+10  8.90E-18  1.00E+10  0.00E+00  0.00E+00  1.22E+21
  1.526504E+11  1.00E-08  1.97E-05  7.05E-05  1.04E-01  2.68E+11  8.31E+11 -1.20E+11 -2.15E+11  3.50E+09 -1.33E+08  7.34E+10  5.39E+10  8.48E+10  3.15E+09  3.65E+05  3.61E+09  2.35E+01  1.28E+11  5.17E-17  1.00E+10  0.00E+00  0.00E+00  1.58E+21
  1.527959E+11  1.00E-08  1.97E-05  7.06E-05  1.04E-01  2.68E+11  8.31E+11 -1.20E+11 -2.15E+11  3.50E+09 -1.33E+08  7.34E+10  5.39E+10  8.48E+10  3.17E+09  3.65E+05  3.61E+09  2.35E+01  1.28E+11  5.18E-17  1.00E+10  0.00E+00  0.00E+00  1.58E+21
  6.009135E+17  1.00E-08  1.91E-05  1.47E-04  1.04E-01  5.93E+11  8.27E+11 -1.16E+11 -4.45E+11  3.50E+09 -3.68E+07  7.38E+10  5.31E+10  7.23E+10  7.52E+10  2.52E+05  3.66E+09  1.05E+01  7.00E+10  6.38E-17  1.00E+10  0.00E+00  0.00E+00  3.25E+21
