  1.923783E-01  1.00E-08  4.59E-05  5.28E-05  3.50E-03  3.86E+11  7.87E+12 -2.96E+11 -1.81E+11  3.50E+09 -5.19E+07  4.30E+15  4.19E+14  3.27E+11  3.50E+10  7.89E+06  5.03E+09  8.13E+03  3.15E+19  1.42E-17  1.00E+10  0.00E+00  0.00E+00  2.51E+23
  1.950454E-01  1.00E-08  4.59E-05  5.28E-05  3.50E-03  3.85E+11  7.97E+12 -2.96E+11 -1.81E+11  3.50E+09 -5.20E+07  4.29E+15  4.11E+14  3.27E+11  3.50E+10  7.89E+06  5.03E+09  8.13E+03  3.15E+19  1.42E-17  1.00E+10  0.00E+00  0.00E+00  2.51E+23
  6.318866E+02  1.00E-08  4.59E-05  5.28E-05  3.96E-03  3.08E+11  2.37E+16 -2.97E+11 -1.99E+11  3.50E+09 -9.10E+07 -6.07E+14  1.28E+13  3.27E+11  3.49E+10  7.87E+06  5.03E+09  8.13E+03  3.13E+19  1.42E-17  1.00E+10  0.00E+00  0.00E+00  2.51E+23
  6.406683E+02  1.00E-08  4.59E-05  5.28E-05  3.97E-03  3.08E+11  2.40E+16 -2.97E+11 -1.99E+11  3.50E+09 -9.13E+07 -6.44E+14  1.26E+13  3.27E+11  3.49E+10  7.87E+06  5.03E+09  8.14E+03  3.13E+19  1.42E-17  1.00E+10  0.00E+00  0.00E+00  2.51E+23
  6.282971E+04  1.00E-08  4.59E-05  5.28E-05  2.80E-02  1.60E+11  6.30E+17 -3.03E+11 -2.13E+11  3.50E+09 -1.48E+08 -6.99E+15  1.98E+07  2.83E+11  2.84E+10  6.49E+06  4.98E+09  8.34E+03  3.08E+19  1.82E-17  1.00E+10  0.00E+00  0.00E+00  2.51E+23
  6.294361E+04  1.00E-08  4.59E-05  5.28E-05  2.81E-02  1.60E+11  6.30E+17 -3.03E+11 -2.13E+11  3.50E+09 -1.48E+08 -6.98E+15  1.98E+07  2.83E+11  2.84E+10  6.49E+06  4.98E+09  8.34E+03  3.08E+19  1.82E-17  1.00E+10  0.00E+00  0.00E+00  2.51E+23
  2.398138E+06  1.00E-08  4.60E-05  5.29E-05  1.90E-01  3.75E+10  9.08E+17 -3.22E+11 -2.10E+11  3.50E+09 -9.40E+07 -3.76E+14 -6.79E+07  4.52E+10  2.94E+09  1.14E+06  3.86E+09  1.58E+04  3.00E+19  1.25E-16  1.00E+10  0.00E+00  0.00E+00  2.51E+23
  1.205882E+07  1.00E-08  4.63E-05  5.33E-05  4.45E-01  1.64E+10  9.29E+17 -3.42E+11 -2.28E+11  3.50E+09 -1.09E+08 -2.25E+13  2.77E+07  1.13E+10  4.59E+08  3.85E+05  3.45E+09  2.77E+04  2.46E+19  9.14E-17  1.00E+10  0.00E+00  0.00E+00  2.51E+23
  2.757095E+07  1.00E-08  4.70E-05  5.41E-05  7.64E-01  9.83E+09  9.33E+17 -3.62E+11 -2.46E+11  3.50E+09 -1.30E+08 -7.52E+12  3.33E+07  6.48E+09  1.79E+08  3.43E+05  3.47E+09  3.17E+04  1.82E+19  4.85E-17  1.00E+10  0.00E+00  0.00E+00  2.51E+23
  3.445570E+07  1.00E-08  4.74E-05  5.46E-05  8.97E-01  8.63E+09  9.34E+17 -3.72E+11 -2.56E+11  3.50E+09 -1.37E+08 -5.71E+12  1.47E+07  5.98E+09  1.49E+08  3.49E+05  3.48E+09  3.14E+04  1.60E+19  3.98E-17  1.00E+10  0.00E+00  0.00E+00  2.51E+23
  3.746479E+07  1.00E-08  4.76E-05  5.48E-05  9.54E-01  8.07E+09  9.34E+17 -3.78E+11 -2.62E+11  3.50E+09 -1.40E+08 -5.16E+12  2.72E+06  5.94E+09  1.48E+08  3.54E+05  3.48E+09  3.11E+04  1.52E+19  3.69E-17  1.00E+10  0.00E+00  0.00E+00  2.51E+23
  3.746755E+07  1.00E-08  4.76E-05  5.48E-05  9.54E-01  8.07E+09  9.34E+17 -3.78E+11 -2.62E+11  3.50E+09 -1.40E+08 -5.16E+12  3.26E+06  5.94E+09  1.48E+08  3.54E+05  3.48E+09  3.11E+04  1.52E+19  3.69E-17  1.00E+10  0.00E+00  0.00E+00  2.51E+23
  3.988980E+07  1.00E-08  4.78E-05  5.49E-05  9.99E-01  7.55E+09  9.35E+17 -3.83E+11 -2.67E+11  3.50E+09 -1.43E+08 -4.78E+12  2.05E+06  6.03E+09  1.54E+08  3.58E+05  3.49E+09  3.07E+04  1.46E+19  3.48E-17  1.00E+10  0.00E+00  0.00E+00  2.51E+23
  3.989197E+07  1.00E-08  4.78E-05  5.49E-05  9.99E-01  7.55E+09  9.35E+17 -3.83E+11 -2.67E+11  3.50E+09 -1.43E+08 -4.78E+12  2.46E+06  6.03E+09  1.54E+08  3.58E+05  3.49E+09  3.07E+04  1.46E+19  3.48E-17  1.00E+10  0.00E+00  0.00E+00  2.51E+23
  4.258915E+07  1.00E-08  4.79E-05  5.51E-05  1.05E+00  6.83E+09  9.35E+17 -3.90E+11 -2.75E+11  3.50E+09 -1.45E+08 -4.42E+12  7.40E+06  6.30E+09  1.71E+08  3.64E+05  3.50E+09  3.03E+04  1.39E+19  3.28E-17  1.00E+10  0.00E+00  0.00E+00  2.51E+23
  4.259625E+07  1.00E-08  4.79E-05  5.51E-05  1.05E+00  6.83E+09  9.35E+17 -3.90E+11 -2.75E+11  3.50E+09 -1.45E+08 -4.42E+12  8.69E+06  6.30E+09  1.71E+08  3.64E+05  3.50E+09  3.03E+04  1.39E+19  3.28E-17  1.00E+10  0.00E+00  0.00E+00  2.51E+23
  4.567749E+07  1.00E-08  4.82E-05  5.54E-05  1.10E+00  5.75E+09  9.35E+17 -3.99E+11 -2.85E+11  3.50E+09 -1.48E+08 -4.06E+12 -3.23E+01  6.89E+09  2.06E+08  3.71E+05  3.52E+09  2.97E+04  1.32E+19  3.08E-17  1.00E+10  0.00E+00  0.00E+00  2.51E+23
  4.568736E+07  1.00E-08  4.82E-05  5.54E-05  1.10E+00  5.74E+09  9.35E+17 -4.00E+11 -2.85E+11  3.50E+09 -1.48E+08 -4.06E+12  1.23E+07  6.89E+09  2.06E+08  3.71E+05  3.52E+09  2.97E+04  1.32E+19  3.08E-17  1.00E+10  0.00E+00  0.00E+00  2.51E+23
  4.905260E+07  1.00E-08  4.85E-05  5.57E-05  1.16E+00  4.13E+09  9.35E+17 -4.12E+11 -2.99E+11  3.50E+09 -1.50E+08 -3.73E+12  4.44E+06  7.94E+09  2.65E+08  3.79E+05  3.54E+09  2.90E+04  1.24E+19  2.88E-17  1.00E+10  0.00E+00  0.00E+00  2.51E+23
  4.905820E+07  1.00E-08  4.85E-05  5.57E-05  1.16E+00  4.13E+09  9.35E+17 -4.12E+11 -2.99E+11  3.50E+09 -1.50E+08 -3.73E+12  5.38E+06  7.95E+09  2.66E+08  3.79E+05  3.54E+09  2.90E+04  1.24E+19  2.88E-17  1.00E+10  0.00E+00  0.00E+00  2.51E+23
  5.188323E+07  1.00E-08  4.87E-05  5.60E-05  1.21E+00  2.33E+09  9.36E+17 -4.25E+11 -3.14E+11  3.50E+09 -1.52E+08 -3.49E+12  2.16E+06  9.23E+09  3.37E+08  3.87E+05  3.56E+09  2.84E+04  1.19E+19  2.73E-17  1.00E+10  0.00E+00  0.00E+00  2.51E+23
  5.188589E+07  1.00E-08  4.87E-05  5.60E-05  1.22E+00  2.33E+09  9.36E+17 -4.25E+11 -3.14E+11  3.50E+09 -1.52E+08 -3.49E+12  2.37E+06  9.23E+09  3.37E+08  3.87E+05  3.56E+09  2.84E+04  1.19E+19  2.73E-17  1.00E+10  0.00E+00  0.00E+00  2.51E+23
  5.478398E+07  1.00E-08  4.90E-05  5.64E-05  1.27E+00  2.50E+07  9.36E+17 -4.41E+11 -3.31E+11  3.50E+09 -1.54E+08 -3.28E+12  2.12E+06  1.10E+10  4.31E+08  3.96E+05  3.58E+09  2.77E+04  1.13E+19  2.59E-17  1.00E+10  0.00E+00  0.00E+00  2.51E+23
  5.478693E+07  1.00E-08  4.90E-05  5.64E-05  1.27E+00  2.24E+07  9.36E+17 -4.41E+11 -3.31E+11  3.50E+09 -1.54E+08 -3.27E+12  2.54E+06  1.10E+10  4.31E+08  3.96E+05  3.58E+09  2.77E+04  1.13E+19  2.59E-17  1.00E+10  0.00E+00  0.00E+00  2.51E+23
  5.805863E+07  1.00E-08  4.94E-05  5.68E-05  1.32E+00 -3.22E+09  9.36E+17 -4.61E+11 -3.53E+11  3.50E+09 -1.56E+08 -3.06E+12 -2.13E+01  1.35E+10  5.66E+08  4.06E+05  3.60E+09  2.69E+04  1.07E+19  2.46E-17  1.00E+10  0.00E+00  0.00E+00  2.51E+23
  5.805863E+07  1.00E-08  4.94E-05  5.68E-05  1.32E+00 -3.22E+09  9.36E+17 -4.61E+11 -3.53E+11  3.50E+09 -1.56E+08 -3.06E+12 -2.13E+01  1.35E+10  5.66E+08  4.06E+05  3.60E+09  2.69E+04  1.07E+19  2.46E-17  1.00E+10  0.00E+00  0.00E+00  2.51E+23
  6.112924E+07  1.00E-08  4.98E-05  5.72E-05  1.37E+00 -6.91E+09  9.36E+17 -4.82E+11 -3.77E+11  3.50E+09 -1.58E+08 -2.88E+12  4.52E+05  1.64E+10  7.19E+08  4.16E+05  3.61E+09  2.62E+04  1.02E+19  2.34E-17  1.00E+10  0.00E+00  0.00E+00  2.51E+23
  6.470201E+07  1.00E-08  5.03E-05  5.78E-05  1.44E+00 -1.20E+10  9.37E+17 -5.10E+11 -4.09E+11  3.50E+09 -1.59E+08 -2.69E+12  7.75E+05  2.04E+10  9.30E+08  4.28E+05  3.61E+09  2.54E+04  9.66E+18  2.22E-17  1.00E+10  0.00E+00  0.00E+00  2.51E+23
  6.760331E+07  1.00E-08  5.07E-05  5.84E-05  1.48E+00 -1.68E+10  9.37E+17 -5.35E+11 -4.37E+11  3.50E+09 -1.60E+08 -2.56E+12  2.52E+05  2.42E+10  1.13E+09  4.39E+05  3.61E+09  2.47E+04  9.24E+18  2.12E-17  1.00E+10  0.00E+00  0.00E+00  2.51E+23
  7.067692E+07  1.00E-08  5.13E-05  5.90E-05  1.53E+00 -2.25E+10  9.37E+17 -5.63E+11 -4.69E+11  3.50E+09 -1.61E+08 -2.43E+12 -1.11E+01  2.88E+10  1.36E+09  4.50E+05  3.61E+09  2.39E+04  8.82E+18  2.04E-17  1.00E+10  0.00E+00  0.00E+00  2.51E+23
  7.329431E+07  1.00E-08  5.18E-05  5.96E-05  1.58E+00 -2.79E+10  9.37E+17 -5.88E+11 -4.98E+11  3.50E+09 -1.62E+08 -2.33E+12  3.58E+05  3.31E+10  1.58E+09  4.60E+05  3.60E+09  2.33E+04  8.48E+18  1.97E-17  1.00E+10  0.00E+00  0.00E+00  2.51E+23
  7.553529E+07  1.00E-08  5.23E-05  6.02E-05  1.61E+00 -3.28E+10  9.37E+17 -6.11E+11 -5.24E+11  3.50E+09 -1.63E+08 -2.25E+12 -3.84E+00  3.71E+10  1.77E+09  4.69E+05  3.60E+09  2.28E+04  8.21E+18  1.91E-17  1.00E+10  0.00E+00  0.00E+00  2.51E+23
  7.784382E+07  1.00E-08  5.29E-05  6.09E-05  1.65E+00 -3.83E+10  9.37E+17 -6.36E+11 -5.52E+11  3.50E+09 -1.63E+08 -2.17E+12  4.46E+06  4.15E+10  1.99E+09  4.78E+05  3.59E+09  2.23E+04  7.93E+18  1.85E-17  1.00E+10  0.00E+00  0.00E+00  2.51E+23
  8.031287E+07  1.00E-08  5.35E-05  6.16E-05  1.69E+00 -4.44E+10  9.38E+17 -6.63E+11 -5.82E+11  3.50E+09 -1.64E+08 -2.09E+12  4.59E+05  4.64E+10  2.24E+09  4.88E+05  3.58E+09  2.17E+04  7.65E+18  1.80E-17  1.00E+10  0.00E+00  0.00E+00  2.51E+23
  8.230785E+07  1.00E-08  5.40E-05  6.22E-05  1.73E+00 -4.95E+10  9.38E+17 -6.85E+11 -6.07E+11  3.50E+09 -1.64E+08 -2.03E+12  3.02E+05  5.05E+10  2.44E+09  4.95E+05  3.58E+09  2.13E+04  7.43E+18  1.76E-17  1.00E+10  0.00E+00  0.00E+00  2.51E+23
  8.497300E+07  1.00E-08  5.48E-05  6.31E-05  1.77E+00 -5.66E+10  9.38E+17 -7.16E+11 -6.41E+11  3.50E+09 -1.65E+08 -1.95E+12 -8.42E+04  5.63E+10  2.72E+09  5.06E+05  3.57E+09  2.07E+04  7.15E+18  1.70E-17  1.00E+10  0.00E+00  0.00E+00  2.51E+23
  8.841857E+07  1.00E-08  5.58E-05  6.44E-05  1.82E+00 -6.61E+10  9.38E+17 -7.56E+11 -6.86E+11  3.50E+09 -1.65E+08 -1.87E+12  3.84E+05  6.40E+10  3.10E+09  5.20E+05  3.56E+09  2.00E+04  6.82E+18  1.64E-17  1.00E+10  0.00E+00  0.00E+00  2.51E+23
  9.111728E+07  1.00E-08  5.67E-05  6.54E-05  1.86E+00 -7.38E+10  9.38E+17 -7.87E+11 -7.21E+11  3.50E+09 -1.66E+08 -1.80E+12  1.94E+05  7.03E+10  3.40E+09  5.30E+05  3.56E+09  1.95E+04  6.57E+18  1.59E-17  1.00E+10  0.00E+00  0.00E+00  2.51E+23
  9.386353E+07  1.00E-08  5.77E-05  6.66E-05  1.91E+00 -8.18E+10  9.38E+17 -8.20E+11 -7.57E+11  3.50E+09 -1.66E+08 -1.74E+12  1.81E+06  7.68E+10  3.72E+09  5.41E+05  3.55E+09  1.89E+04  6.33E+18  1.54E-17  1.00E+10  0.00E+00  0.00E+00  2.51E+23
  9.734895E+07  1.00E-08  5.90E-05  6.81E-05  1.96E+00 -9.22E+10  9.38E+17 -8.61E+11 -8.02E+11  3.50E+09 -1.66E+08 -1.67E+12  5.38E+05  8.52E+10  4.12E+09  5.55E+05  3.55E+09  1.83E+04  6.04E+18  1.49E-17  1.00E+10  0.00E+00  0.00E+00  2.51E+23
  1.002718E+08  1.00E-08  6.01E-05  6.95E-05  2.00E+00 -1.01E+11  9.39E+17 -8.95E+11 -8.40E+11  3.50E+09 -1.66E+08 -1.61E+12  4.49E+06  9.24E+10  4.47E+09  5.66E+05  3.55E+09  1.78E+04  5.82E+18  1.45E-17  1.00E+10  0.00E+00  0.00E+00  2.51E+23
