<ATMOSPHERE-DESCRIPTION>ATMOS Photochemistry
<ATMOSPHERE-STRUCTURE>Equilibrium
<ATMOSPHERE-PRESSURE>1.013
<ATMOSPHERE-PUNIT>bar
<ATMOSPHERE-WEIGHT>28.286
<ATMOSPHERE-NGAS>11
<ATMOSPHERE-GAS>N2,H2O,CH4,CO2,O2,O3,CO,H2CO,NO2,SO2,N2O
<ATMOSPHERE-TYPE>HIT[22],HIT[1],HIT[6],HIT[2],HIT[7],HIT[3],HIT[5],HIT[20],HIT[10],HIT[9],HIT[4]
<ATMOSPHERE-ABUN>1,1,0,1,1,1,1,1,1,1,1
<ATMOSPHERE-UNIT>scl,scl,scl,scl,scl,scl,scl,scl,scl,scl,scl
<ATMOSPHERE-NAERO>1
<ATMOSPHERE-AEROS>Haze
<ATMOSPHERE-ATYPE>KHARE_TITAN_THOLINS_HRI
<ATMOSPHERE-AABUN>1
<ATMOSPHERE-AUNIT>scl
<ATMOSPHERE-ASIZE>1
<ATMOSPHERE-ASUNI>scl
<ATMOSPHERE-LAYERS-MOLECULES>Altitude,H2O,CH4,C2H6,CO2,O2,O3,CO,H2CO,HNO3,NO2,SO2,N2O,N2,Haze,Haze_size
<ATMOSPHERE-LAYERS>50
<ATMOSPHERE-LAYER-1>1.01300e+00,2.81800e+02,2.50000e-01,7.72400e-03,1.07100e-07,1.74300e-18,2.00000e-02,1.00000e-08,1.24800e-16,5.41100e-03,1.30700e-15,2.07900e-13,3.43400e-10,7.97500e-11,0.00000e+00,9.66865e-01,4.09269e-38,1.30000e-09,0.00000e+00
<ATMOSPHERE-LAYER-2>1.01200e+00,2.70600e+02,2.25000e+00,3.42300e-03,1.07100e-07,1.74300e-18,2.00000e-02,6.47300e-07,1.63500e-14,5.41300e-03,2.13300e-15,4.30600e-13,5.30300e-10,2.12900e-10,1.00000e-38,9.71163e-01,4.09258e-38,1.30000e-09,0.00000e+00
<ATMOSPHERE-LAYER-3>1.01200e+00,2.58200e+02,4.25000e+00,1.14700e-03,1.07100e-07,1.74300e-18,2.00000e-02,1.25800e-06,9.01600e-14,5.41400e-03,3.20500e-15,8.68200e-13,7.46600e-10,2.90800e-10,1.00000e-38,9.73438e-01,4.09378e-38,1.30000e-09,0.00000e+00
<ATMOSPHERE-LAYER-4>1.01200e+00,2.43100e+02,6.25000e+00,2.64100e-04,1.07100e-07,1.74300e-18,2.00000e-02,1.83800e-06,3.25400e-13,5.41500e-03,4.17900e-15,1.46700e-12,8.06500e-10,3.29100e-10,1.00000e-38,9.74319e-01,4.09270e-38,1.30000e-09,0.00000e+00
<ATMOSPHERE-LAYER-5>1.01200e+00,2.32900e+02,8.25000e+00,8.69000e-05,1.07100e-07,1.74300e-18,2.00000e-02,2.39000e-06,7.18800e-13,5.41600e-03,5.09400e-15,2.22400e-12,7.63100e-10,3.40600e-10,1.00000e-38,9.74495e-01,4.09227e-38,1.30000e-09,0.00000e+00
<ATMOSPHERE-LAYER-6>1.01200e+00,2.27700e+02,1.02500e+01,4.78600e-05,1.07100e-07,1.74300e-18,2.00000e-02,2.94600e-06,1.12300e-12,5.41700e-03,6.01000e-15,3.18100e-12,7.09300e-10,3.39600e-10,1.00000e-38,9.74532e-01,4.09160e-38,1.30000e-09,0.00000e+00
<ATMOSPHERE-LAYER-7>1.01200e+00,2.27400e+02,1.22500e+01,7.95500e-06,1.07100e-07,1.74300e-18,2.00100e-02,4.71700e-06,1.64800e-12,5.42100e-03,8.59100e-15,6.61500e-12,6.66500e-10,3.35100e-10,1.00000e-38,9.74556e-01,4.09430e-38,1.30000e-09,0.00000e+00
<ATMOSPHERE-LAYER-8>1.01200e+00,2.29200e+02,1.42500e+01,6.78100e-06,1.07100e-07,1.74300e-18,2.00200e-02,1.11100e-05,3.07600e-12,5.43300e-03,1.61000e-14,1.89000e-11,7.22100e-10,3.18700e-10,1.00000e-38,9.74529e-01,4.09230e-38,1.30000e-09,0.00000e+00
<ATMOSPHERE-LAYER-9>1.01200e+00,2.31200e+02,1.62500e+01,5.93600e-06,1.07100e-07,1.74200e-18,2.00300e-02,2.26900e-05,5.49500e-12,5.45700e-03,2.71500e-14,4.08700e-11,8.91500e-10,2.88500e-10,1.00000e-38,9.74484e-01,4.09156e-38,1.30000e-09,0.00000e+00
<ATMOSPHERE-LAYER-10>1.01200e+00,2.33600e+02,1.82500e+01,4.92300e-06,1.07100e-07,1.74100e-18,2.00500e-02,3.65900e-05,8.56100e-12,5.48400e-03,3.81000e-14,6.69000e-11,1.11000e-09,2.51800e-10,1.00000e-38,9.74424e-01,4.09063e-38,1.30000e-09,0.00000e+00
<ATMOSPHERE-LAYER-11>1.01200e+00,2.35700e+02,2.02500e+01,3.95900e-06,1.07100e-07,1.74100e-18,2.00700e-02,4.98300e-05,1.19500e-11,5.51100e-03,4.67300e-14,9.12500e-11,1.31300e-09,2.16300e-10,1.00000e-38,9.74365e-01,4.09249e-38,1.30000e-09,0.00000e+00
<ATMOSPHERE-LAYER-12>1.01100e+00,2.37400e+02,2.22500e+01,3.17100e-06,1.07100e-07,1.74000e-18,2.00800e-02,6.06700e-05,1.53600e-11,5.53300e-03,5.24800e-14,1.10800e-10,1.47500e-09,1.86900e-10,1.00000e-38,9.74323e-01,4.09454e-38,1.30000e-09,0.00000e+00
<ATMOSPHERE-LAYER-13>1.01100e+00,2.38600e+02,2.42500e+01,2.55500e-06,1.07100e-07,1.74000e-18,2.01000e-02,6.91600e-05,1.87900e-11,5.55000e-03,5.59300e-14,1.25700e-10,1.60200e-09,1.63600e-10,1.00000e-38,9.74278e-01,4.09413e-38,1.30000e-09,0.00000e+00
<ATMOSPHERE-LAYER-14>1.01100e+00,2.39100e+02,2.62500e+01,2.07300e-06,1.07100e-07,1.73900e-18,2.01100e-02,7.58100e-05,2.25000e-11,5.56300e-03,5.77700e-14,1.37000e-10,1.70600e-09,1.45200e-10,1.00000e-38,9.74249e-01,4.09120e-38,1.30000e-09,0.00000e+00
<ATMOSPHERE-LAYER-15>1.01100e+00,2.39000e+02,2.82500e+01,1.68900e-06,1.07100e-07,1.73900e-18,2.01100e-02,8.11100e-05,2.67100e-11,5.57300e-03,5.85300e-14,1.45700e-10,1.79700e-09,1.30300e-10,1.00000e-38,9.74234e-01,4.09529e-38,1.30000e-09,0.00000e+00
<ATMOSPHERE-LAYER-16>1.01100e+00,2.38700e+02,3.02500e+01,1.37700e-06,1.07100e-07,1.73900e-18,2.01200e-02,8.54400e-05,3.13700e-11,5.58200e-03,5.86100e-14,1.52500e-10,1.87700e-09,1.18100e-10,1.00000e-38,9.74211e-01,4.09404e-38,1.30000e-09,0.00000e+00
<ATMOSPHERE-LAYER-17>1.01100e+00,2.38500e+02,3.22500e+01,1.12000e-06,1.07100e-07,1.73900e-18,2.01200e-02,8.89900e-05,3.60500e-11,5.58900e-03,5.82600e-14,1.57800e-10,1.94300e-09,1.08000e-10,1.00000e-38,9.74201e-01,4.09413e-38,1.30000e-09,0.00000e+00
<ATMOSPHERE-LAYER-18>1.01100e+00,2.39900e+02,3.42500e+01,9.05900e-07,1.07100e-07,1.73800e-18,2.01300e-02,9.19700e-05,3.85900e-11,5.59500e-03,5.76100e-14,1.62000e-10,1.98300e-09,9.94000e-11,1.00000e-38,9.74182e-01,4.09280e-38,1.30000e-09,0.00000e+00
<ATMOSPHERE-LAYER-19>1.01100e+00,2.40700e+02,3.62500e+01,7.28600e-07,1.07100e-07,1.73800e-18,2.01300e-02,9.44400e-05,4.16000e-11,5.60000e-03,5.66500e-14,1.65300e-10,2.01900e-09,9.22500e-11,1.00000e-38,9.74175e-01,4.09358e-38,1.30000e-09,0.00000e+00
<ATMOSPHERE-LAYER-20>1.01100e+00,2.41300e+02,3.82500e+01,5.86300e-07,1.07100e-07,1.73800e-18,2.01300e-02,9.64300e-05,4.48100e-11,5.60400e-03,5.54400e-14,1.67800e-10,2.05100e-09,8.64600e-11,1.00000e-38,9.74169e-01,4.09270e-38,1.30000e-09,0.00000e+00
<ATMOSPHERE-LAYER-21>1.01100e+00,2.41800e+02,4.02500e+01,4.71200e-07,1.07100e-07,1.73800e-18,2.01400e-02,9.80400e-05,4.80100e-11,5.60700e-03,5.40200e-14,1.69600e-10,2.07900e-09,8.17400e-11,1.00000e-38,9.74154e-01,4.09222e-38,1.30000e-09,0.00000e+00
<ATMOSPHERE-LAYER-22>1.01100e+00,2.42000e+02,4.22500e+01,3.77500e-07,1.07100e-07,1.73800e-18,2.01400e-02,9.93500e-05,5.20600e-11,5.61000e-03,5.24400e-14,1.70900e-10,2.11100e-09,7.78500e-11,1.00000e-38,9.74150e-01,4.09338e-38,1.30000e-09,0.00000e+00
<ATMOSPHERE-LAYER-23>1.01000e+00,2.41700e+02,4.42500e+01,3.02500e-07,1.07100e-07,1.73800e-18,2.01400e-02,1.00400e-04,5.77500e-11,5.61200e-03,5.08000e-14,1.71900e-10,2.15700e-09,7.47200e-11,1.00000e-38,9.74147e-01,4.09294e-38,1.30000e-09,0.00000e+00
<ATMOSPHERE-LAYER-24>1.01000e+00,2.41300e+02,4.62500e+01,2.41600e-07,1.07100e-07,1.73800e-18,2.01400e-02,1.01300e-04,6.65200e-11,5.61400e-03,4.91400e-14,1.72600e-10,2.24500e-09,7.21500e-11,1.00000e-38,9.74144e-01,4.09250e-38,1.30000e-09,0.00000e+00
<ATMOSPHERE-LAYER-25>1.01000e+00,2.41600e+02,4.82500e+01,1.92300e-07,1.07100e-07,1.73800e-18,2.01400e-02,1.02000e-04,8.55500e-11,5.61500e-03,4.75200e-14,1.73100e-10,2.46700e-09,7.00600e-11,1.00000e-38,9.74143e-01,4.09252e-38,1.30000e-09,0.00000e+00
<ATMOSPHERE-LAYER-26>1.01000e+00,2.43600e+02,5.02500e+01,1.51600e-07,1.07100e-07,1.73800e-18,2.01400e-02,1.02500e-04,1.54900e-10,5.61600e-03,4.59200e-14,1.73400e-10,3.03800e-09,6.83100e-11,1.00000e-38,9.74141e-01,4.09319e-38,1.30000e-09,0.00000e+00
<ATMOSPHERE-LAYER-27>1.01000e+00,2.45900e+02,5.22500e+01,1.17400e-07,1.07100e-07,1.73800e-18,2.01400e-02,1.03000e-04,8.95400e-10,5.61700e-03,4.42200e-14,1.73500e-10,3.97700e-09,6.68100e-11,1.00000e-38,9.74140e-01,4.09294e-38,1.30000e-09,0.00000e+00
<ATMOSPHERE-LAYER-28>1.01000e+00,2.47100e+02,5.42500e+01,8.83800e-08,1.07100e-07,1.73800e-18,2.01400e-02,1.03400e-04,5.00900e-09,5.61800e-03,4.23800e-14,1.73600e-10,4.25700e-09,6.55000e-11,1.00000e-38,9.74138e-01,4.09377e-38,1.30000e-09,0.00000e+00
<ATMOSPHERE-LAYER-29>1.01000e+00,2.46900e+02,5.62500e+01,6.46800e-08,1.07100e-07,1.73800e-18,2.01400e-02,1.03800e-04,1.39000e-08,5.61900e-03,4.02600e-14,1.73700e-10,4.29600e-09,6.44000e-11,1.00000e-38,9.74137e-01,4.09312e-38,1.30000e-09,0.00000e+00
<ATMOSPHERE-LAYER-30>1.01000e+00,2.43700e+02,5.82500e+01,4.61600e-08,1.07100e-07,1.73800e-18,2.01400e-02,1.04000e-04,2.86800e-08,5.61900e-03,3.76700e-14,1.73700e-10,4.30500e-09,6.35400e-11,1.00000e-38,9.74137e-01,4.09352e-38,1.30000e-09,0.00000e+00
<ATMOSPHERE-LAYER-31>1.01000e+00,2.37600e+02,6.02500e+01,3.23200e-08,1.07100e-07,1.73800e-18,2.01400e-02,1.04200e-04,4.93000e-08,5.62000e-03,3.47400e-14,1.73800e-10,4.30700e-09,6.28900e-11,1.00000e-38,9.74136e-01,4.09296e-38,1.30000e-09,0.00000e+00
<ATMOSPHERE-LAYER-32>1.01000e+00,2.30200e+02,6.22500e+01,2.22400e-08,1.07100e-07,1.73800e-18,2.01400e-02,1.04300e-04,7.41300e-08,5.62000e-03,3.18900e-14,1.73800e-10,4.30800e-09,6.24100e-11,1.00000e-38,9.74135e-01,4.09172e-38,1.30000e-09,0.00000e+00
<ATMOSPHERE-LAYER-33>1.01000e+00,2.19500e+02,6.42500e+01,1.50000e-08,1.07100e-07,1.73800e-18,2.01400e-02,1.04400e-04,1.00600e-07,5.62000e-03,2.94600e-14,1.73800e-10,4.30600e-09,6.20700e-11,1.00000e-38,9.74135e-01,4.09331e-38,1.30000e-09,0.00000e+00
<ATMOSPHERE-LAYER-34>1.00900e+00,1.98300e+02,6.62500e+01,9.91500e-09,1.07100e-07,1.73800e-18,2.01400e-02,1.04400e-04,1.25300e-07,5.62000e-03,2.76500e-14,1.73800e-10,4.30000e-09,6.18300e-11,1.00000e-38,9.74135e-01,4.09260e-38,1.30000e-09,0.00000e+00
<ATMOSPHERE-LAYER-35>1.00900e+00,1.74000e+02,6.82500e+01,6.55100e-09,1.07100e-07,1.73800e-18,2.01400e-02,1.04400e-04,1.45100e-07,5.62100e-03,2.64500e-14,1.73800e-10,4.28000e-09,6.16700e-11,1.00000e-38,9.74134e-01,4.09333e-38,1.30000e-09,0.00000e+00
<ATMOSPHERE-LAYER-36>1.00900e+00,1.78200e+02,7.02500e+01,5.08700e-09,1.07100e-07,1.73800e-18,2.01400e-02,1.04500e-04,1.64600e-07,5.62100e-03,2.54400e-14,1.73800e-10,4.28500e-09,6.15300e-11,1.00000e-38,9.74134e-01,4.09224e-38,1.30000e-09,0.00000e+00
<ATMOSPHERE-LAYER-37>1.00900e+00,1.78200e+02,7.22500e+01,4.42700e-09,1.07100e-07,1.73800e-18,2.01400e-02,1.04500e-04,1.86300e-07,5.62100e-03,2.44600e-14,1.73800e-10,4.28600e-09,6.13800e-11,1.00000e-38,9.74134e-01,4.09323e-38,1.30000e-09,0.00000e+00
<ATMOSPHERE-LAYER-38>1.00900e+00,1.78200e+02,7.42500e+01,4.12900e-09,1.07100e-07,1.73800e-18,2.01400e-02,1.04500e-04,2.10400e-07,5.62100e-03,2.35400e-14,1.73800e-10,4.28600e-09,6.12400e-11,1.00000e-38,9.74134e-01,4.09323e-38,1.30000e-09,0.00000e+00
<ATMOSPHERE-LAYER-39>1.00900e+00,1.78200e+02,7.62500e+01,3.99600e-09,1.07100e-07,1.73800e-18,2.01400e-02,1.04500e-04,2.37400e-07,5.62100e-03,2.26700e-14,1.73800e-10,4.28700e-09,6.11000e-11,1.00000e-38,9.74134e-01,4.09423e-38,1.30000e-09,0.00000e+00
<ATMOSPHERE-LAYER-40>1.00900e+00,1.78200e+02,7.82500e+01,3.93600e-09,1.07100e-07,1.73800e-18,2.01400e-02,1.04500e-04,2.67800e-07,5.62100e-03,2.18600e-14,1.73800e-10,4.28700e-09,6.09600e-11,1.00000e-38,9.74134e-01,4.09423e-38,1.30000e-09,0.00000e+00
<ATMOSPHERE-LAYER-41>1.00900e+00,1.78200e+02,8.02500e+01,3.91000e-09,1.07100e-07,1.73800e-18,2.01400e-02,1.04500e-04,3.01900e-07,5.62100e-03,2.11000e-14,1.73800e-10,4.28700e-09,6.08300e-11,1.00000e-38,9.74134e-01,4.09217e-38,1.30000e-09,0.00000e+00
<ATMOSPHERE-LAYER-42>1.00800e+00,1.78200e+02,8.22500e+01,3.89800e-09,1.07100e-07,1.73800e-18,2.01400e-02,1.04500e-04,3.40400e-07,5.62100e-03,2.04200e-14,1.73800e-10,4.28700e-09,6.07000e-11,1.00000e-38,9.74134e-01,4.09217e-38,1.30000e-09,0.00000e+00
<ATMOSPHERE-LAYER-43>1.00800e+00,1.78200e+02,8.42500e+01,3.89300e-09,1.07100e-07,1.73800e-18,2.01400e-02,1.04500e-04,3.84100e-07,5.62100e-03,1.98100e-14,1.73800e-10,4.28700e-09,6.05800e-11,1.00000e-38,9.74134e-01,4.09317e-38,1.30000e-09,0.00000e+00
<ATMOSPHERE-LAYER-44>1.00800e+00,1.78200e+02,8.62500e+01,3.89100e-09,1.07100e-07,1.73800e-18,2.01400e-02,1.04500e-04,4.33600e-07,5.62100e-03,1.92800e-14,1.73800e-10,4.28700e-09,6.04600e-11,1.00000e-38,9.74134e-01,4.09317e-38,1.30000e-09,0.00000e+00
<ATMOSPHERE-LAYER-45>1.00800e+00,1.78200e+02,8.82500e+01,3.89000e-09,1.07100e-07,1.73800e-18,2.01400e-02,1.04500e-04,4.89900e-07,5.62200e-03,1.88400e-14,1.73800e-10,4.28700e-09,6.03500e-11,1.00000e-38,9.74133e-01,4.09417e-38,1.30000e-09,0.00000e+00
<ATMOSPHERE-LAYER-46>1.00800e+00,1.78200e+02,9.02500e+01,3.89000e-09,1.07100e-07,1.73800e-18,2.01400e-02,1.04400e-04,5.54200e-07,5.62200e-03,1.85000e-14,1.73700e-10,4.28700e-09,6.02500e-11,1.00000e-38,9.74133e-01,4.09417e-38,1.30000e-09,0.00000e+00
<ATMOSPHERE-LAYER-47>1.00800e+00,1.78200e+02,9.22500e+01,3.89000e-09,1.07100e-07,1.73800e-18,2.01400e-02,1.04400e-04,6.27900e-07,5.62200e-03,1.82800e-14,1.73700e-10,4.28700e-09,6.01700e-11,1.00000e-38,9.74133e-01,4.09211e-38,1.30000e-09,0.00000e+00
<ATMOSPHERE-LAYER-48>1.00800e+00,1.78200e+02,9.42500e+01,3.89000e-09,1.07100e-07,1.73800e-18,2.01400e-02,1.04300e-04,7.12400e-07,5.62200e-03,1.81900e-14,1.73700e-10,4.28700e-09,6.01000e-11,1.00000e-38,9.74133e-01,4.09211e-38,1.30000e-09,0.00000e+00
<ATMOSPHERE-LAYER-49>1.00800e+00,1.78200e+02,9.62500e+01,3.89000e-09,1.07100e-07,1.73800e-18,2.01400e-02,1.04200e-04,8.09800e-07,5.62200e-03,1.82600e-14,1.73700e-10,4.28600e-09,6.00500e-11,1.00000e-38,9.74133e-01,4.09311e-38,1.30000e-09,0.00000e+00
<ATMOSPHERE-LAYER-50>1.00700e+00,1.78200e+02,9.82500e+01,3.89000e-09,1.07100e-07,1.73800e-18,2.01400e-02,1.04100e-04,9.22500e-07,5.62200e-03,1.85100e-14,1.73600e-10,4.28600e-09,6.00200e-11,1.00000e-38,9.74133e-01,4.09311e-38,1.30000e-09,0.00000e+00
<SURFACE-TEMPERATURE>281.800
<SURFACE-ALBEDO>0.25
<SURFACE-EMISSIVITY>1.0
<SURFACE-NSURF>0
<GENERATOR-INSTRUMENT>HabEx_SS-VIS: The HabEx StarShade (SS) will provide extraordinary high-contrast capabilities from the UV (0.2 to 0.45 um), to the visible (0.45 to 1um), and to the infrared (0.975 to 1.8 um). By limiting the number of optical surfaces, this configuration provides high optical throughput (0.2 to 0.4) across this broad of wavelengths, while the quantum efficiency (QE) is expected to be 0.9 for the VU and visible detectors and 0.6 for the infrared detector.

<GENERATOR-RANGE1>0.45

<GENERATOR-RANGE2>0.975

<GENERATOR-RANGEUNIT>um

<GENERATOR-RESOLUTION>140

<GENERATOR-RESOLUTIONUNIT>RP

<GENERATOR-TELESCOPE>CORONA

<GENERATOR-DIAMTELE>4.0

<GENERATOR-BEAM>1.0

<GENERATOR-BEAM-UNIT>diffrac

<GENERATOR-TELESCOPE1>1E-10

<GENERATOR-TELESCOPE2>4.5



