<ATMOSPHERE-DESCRIPTION>ATMOS Photochemistry
<ATMOSPHERE-STRUCTURE>Equilibrium
<ATMOSPHERE-PRESSURE>1.013
<ATMOSPHERE-PUNIT>bar
<ATMOSPHERE-WEIGHT>26.867
<ATMOSPHERE-NGAS>11
<ATMOSPHERE-GAS>N2,H2O,CH4,CO2,O2,O3,CO,H2CO,NO2,SO2,N2O
<ATMOSPHERE-TYPE>HIT[22],HIT[1],HIT[6],HIT[2],HIT[7],HIT[3],HIT[5],HIT[20],HIT[10],HIT[9],HIT[4]
<ATMOSPHERE-ABUN>1,1,1,1,1,1,1,1,1,1,1
<ATMOSPHERE-UNIT>scl,scl,scl,scl,scl,scl,scl,scl,scl,scl,scl
<ATMOSPHERE-NAERO>1
<ATMOSPHERE-AEROS>Haze
<ATMOSPHERE-ATYPE>KHARE_TITAN_THOLINS_HRI
<ATMOSPHERE-AABUN>1
<ATMOSPHERE-AUNIT>scl
<ATMOSPHERE-ASIZE>1
<ATMOSPHERE-ASUNI>scl
<ATMOSPHERE-LAYERS-MOLECULES>Altitude,H2O,CH4,C2H6,CO2,O2,O3,CO,H2CO,HNO3,NO2,SO2,N2O,N2,Haze,Haze_size
<ATMOSPHERE-LAYERS>50
<ATMOSPHERE-LAYER-1>1.01300e+00,2.81800e+02,2.50000e-01,7.72400e-03,1.18300e-01,8.76900e-06,2.00000e-02,1.00000e-08,2.79300e-15,4.44900e-04,2.72100e-09,1.99000e-14,3.75100e-10,5.00600e-11,0.00000e+00,8.53522e-01,3.32057e-16,1.99000e-06,0.00000e+00
<ATMOSPHERE-LAYER-2>1.01200e+00,2.70600e+02,2.25000e+00,3.42300e-03,1.18200e-01,8.76800e-06,2.00000e-02,5.35100e-09,2.01800e-15,4.45000e-04,3.06200e-09,2.13400e-14,2.24100e-10,1.34400e-10,1.46300e-16,8.57923e-01,5.48296e-16,1.99000e-06,0.00000e+00
<ATMOSPHERE-LAYER-3>1.01200e+00,2.58200e+02,4.25000e+00,1.14700e-03,1.18200e-01,8.76700e-06,2.00000e-02,3.05600e-09,1.42800e-15,4.45100e-04,3.10500e-09,1.92600e-14,1.00600e-10,1.83400e-10,2.87300e-16,8.60199e-01,1.05408e-15,1.99000e-06,0.00000e+00
<ATMOSPHERE-LAYER-4>1.01200e+00,2.43100e+02,6.25000e+00,2.64100e-04,1.18100e-01,8.76600e-06,2.00000e-02,1.87300e-09,1.50200e-15,4.45200e-04,3.05600e-09,1.71200e-14,4.69000e-11,2.04900e-10,4.99600e-16,8.61182e-01,1.77517e-15,1.99000e-06,0.00000e+00
<ATMOSPHERE-LAYER-5>1.01200e+00,2.32900e+02,8.25000e+00,8.69000e-05,1.18100e-01,8.76400e-06,2.00000e-02,1.24300e-09,1.39000e-15,4.45300e-04,3.00200e-09,1.60000e-14,2.57900e-11,2.08800e-10,7.78800e-16,8.61359e-01,2.71043e-15,1.99000e-06,0.00000e+00
<ATMOSPHERE-LAYER-6>1.01200e+00,2.27700e+02,1.02500e+01,4.78600e-05,1.18100e-01,8.76300e-06,2.00000e-02,9.07100e-10,1.12500e-15,4.45400e-04,2.94200e-09,1.57800e-14,1.71800e-11,2.06000e-10,1.12800e-15,8.61398e-01,3.91061e-15,1.99000e-06,0.00000e+00
<ATMOSPHERE-LAYER-7>1.01200e+00,2.27400e+02,1.22500e+01,7.95500e-06,1.17900e-01,8.75900e-06,2.00000e-02,5.25200e-10,3.80000e-16,4.45600e-04,2.67200e-09,1.63800e-14,8.42800e-12,2.02500e-10,2.06900e-15,8.61638e-01,8.28138e-15,1.99000e-06,0.00000e+00
<ATMOSPHERE-LAYER-8>1.01200e+00,2.29200e+02,1.42500e+01,6.78200e-06,1.17500e-01,8.74700e-06,2.00000e-02,1.81000e-10,3.16900e-17,4.46600e-04,1.76100e-09,1.79400e-14,1.92600e-12,1.90500e-10,5.91100e-15,8.62038e-01,2.40987e-14,1.99000e-06,0.00000e+00
<ATMOSPHERE-LAYER-9>1.01200e+00,2.31200e+02,1.62500e+01,5.93700e-06,1.16800e-01,8.72500e-06,2.00100e-02,5.57200e-11,1.69300e-18,4.48200e-04,8.21400e-10,2.09300e-14,3.11400e-13,1.68500e-10,1.41300e-14,8.62727e-01,5.26533e-14,1.99000e-06,0.00000e+00
<ATMOSPHERE-LAYER-10>1.01200e+00,2.33600e+02,1.82500e+01,4.92400e-06,1.15900e-01,8.70100e-06,2.00100e-02,2.11800e-11,1.21600e-19,4.50200e-04,3.18400e-10,2.50500e-14,5.52000e-14,1.42100e-10,2.48300e-14,8.63626e-01,8.68778e-14,1.99000e-06,0.00000e+00
<ATMOSPHERE-LAYER-11>1.01200e+00,2.35700e+02,2.02500e+01,3.96000e-06,1.15100e-01,8.68000e-06,2.00200e-02,9.83600e-12,1.44500e-20,4.52000e-04,1.19400e-10,2.96500e-14,1.28800e-14,1.17000e-10,3.54800e-14,8.64415e-01,1.19374e-13,1.99000e-06,0.00000e+00
<ATMOSPHERE-LAYER-12>1.01100e+00,2.37400e+02,2.22500e+01,3.17200e-06,1.14400e-01,8.66500e-06,2.00200e-02,5.04700e-12,2.78500e-21,4.53500e-04,5.04700e-11,3.41300e-14,4.30600e-15,9.64400e-11,4.44000e-14,8.65115e-01,1.45911e-13,1.99000e-06,0.00000e+00
<ATMOSPHERE-LAYER-13>1.01100e+00,2.38600e+02,2.42500e+01,2.55600e-06,1.13900e-01,8.65400e-06,2.00300e-02,2.61400e-12,7.69800e-22,4.54600e-04,2.69100e-11,3.83400e-14,1.99600e-15,8.03600e-11,5.14300e-14,8.65604e-01,1.66632e-13,1.99000e-06,0.00000e+00
<ATMOSPHERE-LAYER-14>1.01100e+00,2.39100e+02,2.62500e+01,2.07400e-06,1.13500e-01,8.64700e-06,2.00300e-02,1.28200e-12,2.47900e-22,4.55500e-04,1.93200e-11,4.23000e-14,1.10000e-15,6.78000e-11,5.68900e-14,8.66004e-01,1.82771e-13,1.99000e-06,0.00000e+00
<ATMOSPHERE-LAYER-15>1.01100e+00,2.39000e+02,2.82500e+01,1.69000e-06,1.13200e-01,8.64200e-06,2.00300e-02,5.46000e-13,6.78900e-23,4.56200e-04,1.78100e-11,4.60900e-14,5.83300e-16,5.77800e-11,6.12400e-14,8.66303e-01,1.95594e-13,1.99000e-06,0.00000e+00
<ATMOSPHERE-LAYER-16>1.01100e+00,2.38700e+02,3.02500e+01,1.37800e-06,1.13000e-01,8.63900e-06,2.00300e-02,1.66700e-13,9.12700e-24,4.56700e-04,1.90200e-11,4.97800e-14,2.30900e-16,4.96200e-11,6.47300e-14,8.66503e-01,2.05986e-13,1.99000e-06,0.00000e+00
<ATMOSPHERE-LAYER-17>1.01100e+00,2.38500e+02,3.22500e+01,1.12100e-06,1.12800e-01,8.63600e-06,2.00400e-02,1.76300e-14,5.09500e-23,4.57200e-04,2.17400e-11,5.33700e-14,3.76300e-17,4.29300e-11,6.76000e-14,8.66693e-01,2.14417e-13,1.99000e-06,0.00000e+00
<ATMOSPHERE-LAYER-18>1.01100e+00,2.39900e+02,3.42500e+01,9.06900e-07,1.12600e-01,8.63500e-06,2.00400e-02,2.66400e-16,9.59100e-27,4.57500e-04,2.56400e-11,5.69100e-14,6.74700e-18,3.73300e-11,6.99800e-14,8.66893e-01,2.21432e-13,1.94100e-06,0.00000e+00
<ATMOSPHERE-LAYER-19>1.01100e+00,2.40700e+02,3.62500e+01,7.29600e-07,1.12500e-01,8.63400e-06,2.00400e-02,3.44000e-18,4.77800e-25,4.57800e-04,3.06000e-11,6.03400e-14,6.45300e-18,3.27000e-11,7.19700e-14,8.66993e-01,2.27358e-13,1.82700e-06,0.00000e+00
<ATMOSPHERE-LAYER-20>1.01100e+00,2.41300e+02,3.82500e+01,5.87200e-07,1.12400e-01,8.63400e-06,2.00400e-02,7.44900e-20,1.40800e-23,4.58000e-04,3.65100e-11,6.35400e-14,6.94500e-18,2.89800e-11,7.35600e-14,8.67093e-01,2.32036e-13,1.71900e-06,0.00000e+00
<ATMOSPHERE-LAYER-21>1.01100e+00,2.41800e+02,4.02500e+01,4.72100e-07,1.12300e-01,8.63400e-06,2.00400e-02,1.26200e-20,8.91700e-25,4.58200e-04,4.34800e-11,6.65300e-14,7.53500e-18,2.59700e-11,7.48500e-14,8.67193e-01,2.35785e-13,1.60700e-06,0.00000e+00
<ATMOSPHERE-LAYER-22>1.01100e+00,2.42000e+02,4.22500e+01,3.78300e-07,1.12300e-01,8.63400e-06,2.00400e-02,1.77900e-20,8.35600e-23,4.58300e-04,5.17100e-11,6.93300e-14,8.23200e-18,2.35200e-11,7.59000e-14,8.67193e-01,2.39016e-13,1.51000e-06,0.00000e+00
<ATMOSPHERE-LAYER-23>1.01000e+00,2.41700e+02,4.42500e+01,3.03200e-07,1.12200e-01,8.63400e-06,2.00400e-02,2.78600e-20,5.53400e-24,4.58500e-04,6.11400e-11,7.18800e-14,9.04000e-18,2.15600e-11,7.67400e-14,8.67293e-01,2.41312e-13,1.40100e-06,0.00000e+00
<ATMOSPHERE-LAYER-24>1.01000e+00,2.41300e+02,4.62500e+01,2.42200e-07,1.12200e-01,8.63400e-06,2.00400e-02,3.76600e-20,1.68300e-23,4.58500e-04,7.19800e-11,7.42200e-14,9.95100e-18,1.99700e-11,7.74200e-14,8.67293e-01,2.43250e-13,1.31300e-06,0.00000e+00
<ATMOSPHERE-LAYER-25>1.01000e+00,2.41600e+02,4.82500e+01,1.92900e-07,1.12200e-01,8.63500e-06,2.00400e-02,4.80200e-20,5.24200e-22,4.58600e-04,8.42200e-11,7.63600e-14,1.09100e-17,1.86800e-11,7.79600e-14,8.67293e-01,2.44710e-13,1.23600e-06,0.00000e+00
<ATMOSPHERE-LAYER-26>1.01000e+00,2.43600e+02,5.02500e+01,1.52100e-07,1.12100e-01,8.63500e-06,2.00400e-02,5.76600e-20,1.13800e-20,4.58700e-04,9.81300e-11,7.83400e-14,1.18000e-17,1.76200e-11,7.84100e-14,8.67393e-01,2.45950e-13,1.16400e-06,0.00000e+00
<ATMOSPHERE-LAYER-27>1.01000e+00,2.45900e+02,5.22500e+01,1.17800e-07,1.12100e-01,8.63600e-06,2.00400e-02,1.08200e-19,6.11900e-22,4.58700e-04,1.14000e-10,8.02100e-14,1.27600e-17,1.67200e-11,7.87900e-14,8.67393e-01,2.47557e-13,1.10700e-06,0.00000e+00
<ATMOSPHERE-LAYER-28>1.01000e+00,2.47100e+02,5.42500e+01,8.87200e-08,1.12100e-01,8.63600e-06,2.00400e-02,2.40700e-19,3.96000e-23,4.58700e-04,1.32000e-10,8.19500e-14,1.38200e-17,1.59600e-11,7.91100e-14,8.67393e-01,2.48153e-13,1.04400e-06,0.00000e+00
<ATMOSPHERE-LAYER-29>1.01000e+00,2.46900e+02,5.62500e+01,6.49500e-08,1.12100e-01,8.63600e-06,2.00400e-02,6.35300e-19,7.59300e-22,4.58800e-04,1.51400e-10,8.35200e-14,1.50500e-17,1.53400e-11,7.93700e-14,8.67392e-01,2.48964e-13,9.71100e-07,0.00000e+00
<ATMOSPHERE-LAYER-30>1.01000e+00,2.43700e+02,5.82500e+01,4.63700e-08,1.12100e-01,8.63700e-06,2.00400e-02,1.66500e-18,5.55600e-21,4.58800e-04,1.71300e-10,8.48700e-14,1.66600e-17,1.48600e-11,7.95800e-14,8.67393e-01,2.49652e-13,8.88200e-07,0.00000e+00
<ATMOSPHERE-LAYER-31>1.01000e+00,2.37600e+02,6.02500e+01,3.24700e-08,1.12100e-01,8.63700e-06,2.00400e-02,3.95800e-18,3.04900e-20,4.58800e-04,1.90700e-10,8.59800e-14,1.89000e-17,1.44900e-11,7.97400e-14,8.67393e-01,2.49953e-13,8.02200e-07,0.00000e+00
<ATMOSPHERE-LAYER-32>1.01000e+00,2.30200e+02,6.22500e+01,2.23500e-08,1.12100e-01,8.63700e-06,2.00400e-02,8.53700e-18,1.29700e-19,4.58800e-04,2.08800e-10,8.68600e-14,2.21600e-17,1.42300e-11,7.98500e-14,8.67393e-01,2.50416e-13,7.20700e-07,0.00000e+00
<ATMOSPHERE-LAYER-33>1.01000e+00,2.19500e+02,6.42500e+01,1.50600e-08,1.12100e-01,8.63700e-06,2.00400e-02,1.72500e-17,4.43300e-19,4.58800e-04,2.25300e-10,8.75600e-14,2.79700e-17,1.40400e-11,7.99400e-14,8.67393e-01,2.50549e-13,6.44300e-07,0.00000e+00
<ATMOSPHERE-LAYER-34>1.00900e+00,1.98300e+02,6.62500e+01,9.95300e-09,1.12100e-01,8.63700e-06,2.00400e-02,3.34600e-17,1.24500e-18,4.58800e-04,2.39700e-10,8.80900e-14,3.83900e-17,1.39100e-11,7.99900e-14,8.67393e-01,2.50685e-13,5.67200e-07,0.00000e+00
<ATMOSPHERE-LAYER-35>1.00900e+00,1.74000e+02,6.82500e+01,6.56900e-09,1.12100e-01,8.63800e-06,2.00400e-02,6.19200e-17,2.97200e-18,4.58800e-04,2.51900e-10,8.84900e-14,5.09700e-17,1.38200e-11,8.00300e-14,8.67393e-01,2.50789e-13,5.17600e-07,0.00000e+00
<ATMOSPHERE-LAYER-36>1.00900e+00,1.78200e+02,7.02500e+01,5.09600e-09,1.12100e-01,8.63800e-06,2.00400e-02,1.21600e-16,7.37100e-18,4.58800e-04,2.65200e-10,8.88700e-14,6.77200e-17,1.37400e-11,8.00600e-14,8.67393e-01,2.51012e-13,5.17600e-07,0.00000e+00
<ATMOSPHERE-LAYER-37>1.00900e+00,1.78200e+02,7.22500e+01,4.43100e-09,1.12100e-01,8.63800e-06,2.00400e-02,2.55000e-16,1.90200e-17,4.58900e-04,2.81500e-10,8.93000e-14,1.04200e-16,1.36600e-11,8.01000e-14,8.67392e-01,2.51073e-13,5.17600e-07,0.00000e+00
<ATMOSPHERE-LAYER-38>1.00900e+00,1.78200e+02,7.42500e+01,4.13300e-09,1.12000e-01,8.63800e-06,2.00400e-02,5.56000e-16,4.98700e-17,4.58900e-04,3.00900e-10,8.97700e-14,1.90500e-16,1.35800e-11,8.01300e-14,8.67492e-01,2.51073e-13,5.17600e-07,0.00000e+00
<ATMOSPHERE-LAYER-39>1.00900e+00,1.78200e+02,7.62500e+01,3.99800e-09,1.12000e-01,8.63800e-06,2.00400e-02,1.25100e-15,1.32400e-16,4.58900e-04,3.23800e-10,9.02800e-14,4.03200e-16,1.35000e-11,8.01600e-14,8.67492e-01,2.51337e-13,5.17600e-07,0.00000e+00
<ATMOSPHERE-LAYER-40>1.00900e+00,1.78200e+02,7.82500e+01,3.93800e-09,1.12000e-01,8.63800e-06,2.00400e-02,2.90200e-15,3.55800e-16,4.58900e-04,3.50400e-10,9.08400e-14,9.48600e-16,1.34200e-11,8.01900e-14,8.67492e-01,2.51337e-13,5.17600e-07,0.00000e+00
<ATMOSPHERE-LAYER-41>1.00900e+00,1.78200e+02,8.02500e+01,3.91200e-09,1.12000e-01,8.63800e-06,2.00400e-02,6.93900e-15,9.68500e-16,4.58900e-04,3.81300e-10,9.14500e-14,2.40300e-15,1.33400e-11,8.02200e-14,8.67492e-01,2.51399e-13,5.17600e-07,0.00000e+00
<ATMOSPHERE-LAYER-42>1.00800e+00,1.78200e+02,8.22500e+01,3.90000e-09,1.12000e-01,8.63800e-06,2.00400e-02,1.71500e-14,2.67100e-15,4.58900e-04,4.16900e-10,9.21100e-14,6.44300e-15,1.32600e-11,8.02500e-14,8.67492e-01,2.51602e-13,5.17600e-07,0.00000e+00
<ATMOSPHERE-LAYER-43>1.00800e+00,1.78200e+02,8.42500e+01,3.89600e-09,1.12000e-01,8.63900e-06,2.00400e-02,4.40100e-14,7.46600e-15,4.58900e-04,4.57800e-10,9.28300e-14,1.81600e-14,1.31800e-11,8.02900e-14,8.67492e-01,2.51663e-13,5.17600e-07,0.00000e+00
<ATMOSPHERE-LAYER-44>1.00800e+00,1.78200e+02,8.62500e+01,3.89400e-09,1.12000e-01,8.63900e-06,2.00400e-02,1.17700e-13,2.11700e-14,4.58900e-04,5.04700e-10,9.36000e-14,5.36600e-14,1.31000e-11,8.03200e-14,8.67492e-01,2.51663e-13,5.17600e-07,0.00000e+00
<ATMOSPHERE-LAYER-45>1.00800e+00,1.78200e+02,8.82500e+01,3.89500e-09,1.12000e-01,8.63900e-06,2.00400e-02,3.30300e-13,6.09200e-14,4.58900e-04,5.58100e-10,9.44400e-14,1.65400e-13,1.30100e-11,8.03500e-14,8.67492e-01,2.51725e-13,5.17600e-07,0.00000e+00
<ATMOSPHERE-LAYER-46>1.00800e+00,1.78200e+02,9.02500e+01,3.89900e-09,1.12000e-01,8.63900e-06,2.00400e-02,9.79700e-13,1.78100e-13,4.58900e-04,6.19100e-10,9.53400e-14,5.25200e-13,1.29300e-11,8.03800e-14,8.67492e-01,2.51928e-13,5.17600e-07,0.00000e+00
<ATMOSPHERE-LAYER-47>1.00800e+00,1.78200e+02,9.22500e+01,3.90500e-09,1.12000e-01,8.63900e-06,2.00400e-02,3.10800e-12,5.29600e-13,4.58900e-04,6.88400e-10,9.63200e-14,1.65300e-12,1.28400e-11,8.04100e-14,8.67492e-01,2.51989e-13,5.17600e-07,0.00000e+00
<ATMOSPHERE-LAYER-48>1.00800e+00,1.78200e+02,9.42500e+01,3.91900e-09,1.12000e-01,8.63900e-06,2.00400e-02,1.06700e-11,1.60300e-12,4.58900e-04,7.66800e-10,9.73700e-14,4.55700e-12,1.27500e-11,8.04400e-14,8.67492e-01,2.51989e-13,5.17600e-07,0.00000e+00
<ATMOSPHERE-LAYER-49>1.00800e+00,1.78200e+02,9.62500e+01,3.94500e-09,1.12000e-01,8.64000e-06,2.00400e-02,3.79100e-11,4.95300e-12,4.58900e-04,8.55500e-10,9.84500e-14,8.00800e-12,1.26400e-11,8.04700e-14,8.67492e-01,2.52254e-13,5.17600e-07,0.00000e+00
<ATMOSPHERE-LAYER-50>1.00700e+00,1.78200e+02,9.82500e+01,3.99400e-09,1.12000e-01,8.64000e-06,2.00400e-02,1.12400e-10,1.56500e-11,4.58900e-04,9.56000e-10,9.95100e-14,9.01400e-12,1.25200e-11,8.05000e-14,8.67492e-01,2.52254e-13,5.17600e-07,0.00000e+00
<SURFACE-TEMPERATURE>281.800
<SURFACE-ALBEDO>0.25
<SURFACE-EMISSIVITY>1.0
<SURFACE-NSURF>0
<GENERATOR-INSTRUMENT>HabEx_SS-VIS: The HabEx StarShade (SS) will provide extraordinary high-contrast capabilities from the UV (0.2 to 0.45 um), to the visible (0.45 to 1um), and to the infrared (0.975 to 1.8 um). By limiting the number of optical surfaces, this configuration provides high optical throughput (0.2 to 0.4) across this broad of wavelengths, while the quantum efficiency (QE) is expected to be 0.9 for the VU and visible detectors and 0.6 for the infrared detector.

<GENERATOR-RANGE1>0.45

<GENERATOR-RANGE2>0.975

<GENERATOR-RANGEUNIT>um

<GENERATOR-RESOLUTION>140

<GENERATOR-RESOLUTIONUNIT>RP

<GENERATOR-TELESCOPE>CORONA

<GENERATOR-DIAMTELE>4.0

<GENERATOR-BEAM>1.0

<GENERATOR-BEAM-UNIT>diffrac

<GENERATOR-TELESCOPE1>1E-10

<GENERATOR-TELESCOPE2>4.5



