<ATMOSPHERE-DESCRIPTION>ATMOS Photochemistry
<ATMOSPHERE-STRUCTURE>Equilibrium
<ATMOSPHERE-PRESSURE>0.983
<ATMOSPHERE-PUNIT>bar
<ATMOSPHERE-WEIGHT>28.285
<ATMOSPHERE-NGAS>11
<ATMOSPHERE-GAS>N2,H2O,CH4,CO2,O2,O3,CO,H2CO,NO2,SO2,N2O
<ATMOSPHERE-TYPE>HIT[22],HIT[1],HIT[6],HIT[2],HIT[7],HIT[3],HIT[5],HIT[20],HIT[10],HIT[9],HIT[4]
<ATMOSPHERE-ABUN>1,1,1,1,1,1,1,1,1,1,1
<ATMOSPHERE-UNIT>scl,scl,scl,scl,scl,scl,scl,scl,scl,scl,scl
<ATMOSPHERE-NAERO>1
<ATMOSPHERE-AEROS>Haze
<ATMOSPHERE-ATYPE>KHARE_TITAN_THOLINS_HRI
<ATMOSPHERE-AABUN>1
<ATMOSPHERE-AUNIT>scl
<ATMOSPHERE-ASIZE>1
<ATMOSPHERE-ASUNI>scl
<ATMOSPHERE-LAYERS-MOLECULES>Altitude,H2O,CH4,C2H6,CO2,O2,O3,CO,H2CO,HNO3,NO2,SO2,N2O,N2,Haze,Haze_size
<ATMOSPHERE-LAYERS>50
<ATMOSPHERE-LAYER-1>9.83000e-01,2.81800e+02,2.50000e-01,7.95600e-03,6.37000e-13,5.59400e-23,2.00000e-02,1.00000e-08,1.53000e-11,2.66200e-07,4.76700e-17,5.31200e-12,1.87500e-11,8.42500e-11,0.00000e+00,9.72044e-01,4.09283e-38,1.30000e-09,0.00000e+00
<ATMOSPHERE-LAYER-2>7.71700e-01,2.70600e+02,2.25000e+00,3.50600e-03,6.36900e-13,5.58500e-23,2.00000e-02,1.05000e-08,1.61500e-11,2.66800e-07,5.70400e-17,8.32700e-12,1.86500e-11,2.41000e-10,1.00000e-38,9.76494e-01,4.09398e-38,1.30000e-09,0.00000e+00
<ATMOSPHERE-LAYER-3>5.99300e-01,2.58200e+02,4.25000e+00,1.16600e-03,6.36800e-13,5.56200e-23,2.00000e-02,1.17900e-08,1.76000e-11,2.68700e-07,5.70900e-17,1.16500e-11,1.77000e-11,3.57300e-10,1.00000e-38,9.78834e-01,4.09374e-38,1.30000e-09,0.00000e+00
<ATMOSPHERE-LAYER-4>4.58900e-01,2.43100e+02,6.25000e+00,2.65700e-04,6.36700e-13,5.53900e-23,2.00000e-02,1.40200e-08,2.01000e-11,2.72000e-07,4.99100e-17,1.37400e-11,1.54400e-11,4.29600e-10,1.00000e-38,9.79734e-01,4.09197e-38,1.30000e-09,0.00000e+00
<ATMOSPHERE-LAYER-5>3.46400e-01,2.32900e+02,8.25000e+00,8.61600e-05,6.36700e-13,5.52000e-23,2.00000e-02,1.73400e-08,2.20100e-11,2.77100e-07,4.26300e-17,1.50100e-11,1.33400e-11,4.55700e-10,1.00000e-38,9.79914e-01,4.09350e-38,1.30000e-09,0.00000e+00
<ATMOSPHERE-LAYER-6>2.58900e-01,2.27700e+02,1.02500e+01,4.64800e-05,6.36600e-13,5.50400e-23,2.00000e-02,2.22700e-08,2.37400e-11,2.84800e-07,3.77300e-17,1.60100e-11,1.19300e-11,4.49700e-10,1.00000e-38,9.79953e-01,4.09271e-38,1.30000e-09,0.00000e+00
<ATMOSPHERE-LAYER-7>1.93000e-01,2.27400e+02,1.22500e+01,3.26300e-05,6.36500e-13,5.46200e-23,2.00000e-02,4.54100e-08,3.79800e-11,3.21400e-07,3.18200e-17,1.79700e-11,1.11100e-11,4.26500e-10,1.00000e-38,9.79967e-01,4.09296e-38,1.30000e-09,0.00000e+00
<ATMOSPHERE-LAYER-8>1.44000e-01,2.29200e+02,1.42500e+01,3.25900e-05,6.35900e-13,5.35000e-23,2.00000e-02,1.60700e-07,9.97100e-11,5.04900e-07,2.58200e-17,1.93600e-11,1.20600e-11,3.66700e-10,1.00000e-38,9.79967e-01,4.09185e-38,1.30000e-09,0.00000e+00
<ATMOSPHERE-LAYER-9>1.07800e-01,2.31200e+02,1.62500e+01,3.24700e-05,6.34600e-13,5.20600e-23,2.00000e-02,4.45200e-07,1.82300e-10,9.61000e-07,2.17400e-17,1.71100e-11,1.41700e-11,2.98000e-10,1.00000e-38,9.79966e-01,4.09088e-38,1.30000e-09,0.00000e+00
<ATMOSPHERE-LAYER-10>8.08600e-02,2.33600e+02,1.82500e+01,3.22900e-05,6.32700e-13,5.09800e-23,2.00000e-02,9.13300e-07,2.29100e-10,1.71700e-06,1.88300e-17,1.26900e-11,1.60400e-11,2.48000e-10,1.00000e-38,9.79965e-01,4.09397e-38,1.30000e-09,0.00000e+00
<ATMOSPHERE-LAYER-11>6.08600e-02,2.35700e+02,2.02500e+01,3.20600e-05,6.30600e-13,5.05000e-23,1.99900e-02,1.52300e-06,2.27200e-10,2.70900e-06,1.67600e-17,8.50600e-12,1.66500e-11,2.17600e-10,1.00000e-38,9.79974e-01,4.09239e-38,1.30000e-09,0.00000e+00
<ATMOSPHERE-LAYER-12>4.59100e-02,2.37400e+02,2.22500e+01,3.18200e-05,6.28300e-13,5.05600e-23,1.99900e-02,2.20300e-06,1.97000e-10,3.82300e-06,1.54000e-17,5.53100e-12,1.60700e-11,2.00300e-10,1.00000e-38,9.79972e-01,4.09404e-38,1.30000e-09,0.00000e+00
<ATMOSPHERE-LAYER-13>3.47000e-02,2.38600e+02,2.42500e+01,3.15600e-05,6.26100e-13,5.10200e-23,1.99900e-02,2.92400e-06,1.62200e-10,5.01100e-06,1.45500e-17,3.61500e-12,1.49100e-11,1.90100e-10,1.00000e-38,9.79971e-01,4.09272e-38,1.30000e-09,0.00000e+00
<ATMOSPHERE-LAYER-14>2.62600e-02,2.39100e+02,2.62500e+01,3.12900e-05,6.23800e-13,5.17700e-23,1.99800e-02,3.68500e-06,1.33300e-10,6.26800e-06,1.40200e-17,2.41600e-12,1.36300e-11,1.83500e-10,1.00000e-38,9.79979e-01,4.09331e-38,1.30000e-09,0.00000e+00
<ATMOSPHERE-LAYER-15>1.98800e-02,2.39000e+02,2.82500e+01,3.10100e-05,6.21500e-13,5.27700e-23,1.99800e-02,4.49900e-06,1.11400e-10,7.62000e-06,1.37400e-17,1.65700e-12,1.24700e-11,1.78800e-10,1.00000e-38,9.79977e-01,4.09326e-38,1.30000e-09,0.00000e+00
<ATMOSPHERE-LAYER-16>1.50500e-02,2.38700e+02,3.02500e+01,3.07100e-05,6.19000e-13,5.40200e-23,1.99800e-02,5.38800e-06,9.49100e-11,9.10000e-06,1.36900e-17,1.16500e-12,1.15300e-11,1.75200e-10,1.00000e-38,9.79975e-01,4.09393e-38,1.30000e-09,0.00000e+00
<ATMOSPHERE-LAYER-17>1.13900e-02,2.38500e+02,3.22500e+01,3.03900e-05,6.16300e-13,5.55200e-23,1.99700e-02,6.36400e-06,8.16700e-11,1.07300e-05,1.39900e-17,8.41100e-13,1.08500e-11,1.72100e-10,1.00000e-38,9.79983e-01,4.09296e-38,1.30000e-09,0.00000e+00
<ATMOSPHERE-LAYER-18>8.62200e-03,2.39900e+02,3.42500e+01,3.00200e-05,6.13300e-13,5.73100e-23,1.99700e-02,7.45300e-06,6.90500e-11,1.25500e-05,1.47600e-17,6.20600e-13,1.04000e-11,1.69300e-10,1.00000e-38,9.79980e-01,4.09377e-38,1.30000e-09,0.00000e+00
<ATMOSPHERE-LAYER-19>6.53900e-03,2.40700e+02,3.62500e+01,2.96300e-05,6.10100e-13,5.93800e-23,1.99600e-02,8.65400e-06,5.89700e-11,1.45600e-05,1.58100e-17,4.70500e-13,1.01900e-11,1.66600e-10,1.00000e-38,9.79987e-01,4.09251e-38,1.30000e-09,0.00000e+00
<ATMOSPHERE-LAYER-20>4.96400e-03,2.41300e+02,3.82500e+01,2.92200e-05,6.06700e-13,6.16700e-23,1.99600e-02,9.93500e-06,5.02000e-11,1.67100e-05,1.71200e-17,3.69900e-13,1.01600e-11,1.64200e-10,1.00000e-38,9.79984e-01,4.09250e-38,1.30000e-09,0.00000e+00
<ATMOSPHERE-LAYER-21>3.77100e-03,2.41800e+02,4.02500e+01,2.87700e-05,6.03200e-13,6.42100e-23,1.99500e-02,1.13100e-05,4.21400e-11,1.90200e-05,1.88600e-17,3.00600e-13,1.02200e-11,1.62200e-10,1.00000e-38,9.79991e-01,4.09378e-38,1.30000e-09,0.00000e+00
<ATMOSPHERE-LAYER-22>2.86600e-03,2.42000e+02,4.22500e+01,2.83000e-05,5.99300e-13,6.70300e-23,1.99500e-02,1.28000e-05,3.48900e-11,2.15200e-05,2.12300e-17,2.51600e-13,1.03100e-11,1.60700e-10,1.00000e-38,9.79987e-01,4.09329e-38,1.30000e-09,0.00000e+00
<ATMOSPHERE-LAYER-23>2.17900e-03,2.41700e+02,4.42500e+01,2.78100e-05,5.95300e-13,7.00900e-23,1.99400e-02,1.43800e-05,2.81700e-11,2.41800e-05,2.45100e-17,2.16300e-13,1.02300e-11,1.59900e-10,1.00000e-38,9.79994e-01,4.09361e-38,1.30000e-09,0.00000e+00
<ATMOSPHERE-LAYER-24>1.65600e-03,2.41300e+02,4.62500e+01,2.72800e-05,5.91100e-13,7.34600e-23,1.99300e-02,1.60800e-05,2.15200e-11,2.70500e-05,2.91900e-17,1.88800e-13,9.68700e-12,1.59900e-10,1.00000e-38,9.80000e-01,4.09420e-38,1.30000e-09,0.00000e+00
<ATMOSPHERE-LAYER-25>1.25800e-03,2.41600e+02,4.82500e+01,2.67300e-05,5.86500e-13,7.71600e-23,1.99300e-02,1.79100e-05,1.48100e-11,3.01500e-05,3.55300e-17,1.64500e-13,7.84400e-12,1.60600e-10,1.00000e-38,9.79995e-01,4.09358e-38,1.30000e-09,0.00000e+00
<ATMOSPHERE-LAYER-26>9.57500e-04,2.43600e+02,5.02500e+01,2.61300e-05,5.81600e-13,8.13500e-23,1.99200e-02,1.99400e-05,9.26100e-12,3.36000e-05,4.31500e-17,1.39200e-13,4.37800e-12,1.61700e-10,1.00000e-38,9.80000e-01,4.09352e-38,1.30000e-09,0.00000e+00
<ATMOSPHERE-LAYER-27>7.30600e-04,2.45900e+02,5.22500e+01,2.54700e-05,5.76200e-13,8.62600e-23,1.99100e-02,2.22700e-05,6.20400e-12,3.75800e-05,5.01500e-17,1.12800e-13,1.80800e-12,1.62200e-10,1.00000e-38,9.80005e-01,4.09338e-38,1.30000e-09,0.00000e+00
<ATMOSPHERE-LAYER-28>5.58600e-04,2.47100e+02,5.42500e+01,2.47500e-05,5.70300e-13,9.18300e-23,1.99000e-02,2.49900e-05,4.66600e-12,4.23000e-05,5.42600e-17,8.82200e-14,7.55600e-13,1.61600e-10,1.00000e-38,9.80008e-01,4.09173e-38,1.30000e-09,0.00000e+00
<ATMOSPHERE-LAYER-29>4.27400e-04,2.46900e+02,5.62500e+01,2.40100e-05,5.64000e-13,9.70200e-23,1.98900e-02,2.81400e-05,3.73900e-12,4.78500e-05,5.45700e-17,6.77600e-14,3.60800e-13,1.60700e-10,1.00000e-38,9.80010e-01,4.09171e-38,1.30000e-09,0.00000e+00
<ATMOSPHERE-LAYER-30>3.26600e-04,2.43700e+02,5.82500e+01,2.32800e-05,5.57700e-13,1.00000e-22,1.98700e-02,3.17000e-05,3.08900e-12,5.42300e-05,5.10200e-17,5.18800e-14,2.02800e-13,1.59800e-10,1.00000e-38,9.80021e-01,4.09300e-38,1.30000e-09,0.00000e+00
<ATMOSPHERE-LAYER-31>2.48200e-04,2.37600e+02,6.02500e+01,2.26000e-05,5.51600e-13,1.00400e-22,1.98600e-02,3.56300e-05,2.39000e-12,6.14100e-05,4.45000e-17,4.01400e-14,1.23700e-13,1.59000e-10,1.00000e-38,9.80020e-01,4.09270e-38,1.30000e-09,0.00000e+00
<ATMOSPHERE-LAYER-32>1.87200e-04,2.30200e+02,6.22500e+01,2.19800e-05,5.45900e-13,9.92100e-23,1.98500e-02,3.99900e-05,1.58600e-12,6.95000e-05,3.61200e-17,3.16800e-14,7.41300e-14,1.58400e-10,1.00000e-38,9.80019e-01,4.09271e-38,1.30000e-09,0.00000e+00
<ATMOSPHERE-LAYER-33>1.39600e-04,2.19500e+02,6.42500e+01,2.14300e-05,5.40500e-13,9.72800e-23,1.98300e-02,4.49300e-05,1.11500e-12,7.88400e-05,2.57400e-17,2.57600e-14,4.65200e-14,1.57900e-10,1.00000e-38,9.80025e-01,4.09200e-38,1.30000e-09,0.00000e+00
<ATMOSPHERE-LAYER-34>1.01900e-04,1.98300e+02,6.62500e+01,2.09400e-05,5.35400e-13,9.54600e-23,1.98200e-02,5.06200e-05,3.50300e-12,8.97900e-05,1.40000e-17,2.19600e-14,3.94200e-14,1.57600e-10,1.00000e-38,9.80019e-01,4.09247e-38,1.30000e-09,0.00000e+00
<ATMOSPHERE-LAYER-35>7.14600e-05,1.74000e+02,6.82500e+01,2.05100e-05,5.30700e-13,9.41000e-23,1.98000e-02,5.65900e-05,4.36200e-11,1.02400e-04,6.00500e-18,1.99100e-14,5.51800e-14,1.57000e-10,1.00000e-38,9.80020e-01,4.09232e-38,1.30000e-09,0.00000e+00
<ATMOSPHERE-LAYER-36>4.93100e-05,1.78200e+02,7.02500e+01,2.00100e-05,5.24600e-13,9.24900e-23,1.97700e-02,6.24600e-05,9.91500e-11,1.19600e-04,2.03100e-18,1.84400e-14,3.17800e-14,1.56200e-10,1.00000e-38,9.80028e-01,4.09283e-38,1.30000e-09,0.00000e+00
<ATMOSPHERE-LAYER-37>3.40700e-05,1.78200e+02,7.22500e+01,1.94000e-05,5.15700e-13,9.01900e-23,1.97400e-02,6.80700e-05,1.41600e-10,1.44300e-04,1.56200e-18,1.70700e-14,1.09700e-14,1.55300e-10,1.00000e-38,9.80028e-01,4.09426e-38,1.30000e-09,0.00000e+00
<ATMOSPHERE-LAYER-38>2.35500e-05,1.78200e+02,7.42500e+01,1.86700e-05,5.03000e-13,8.69100e-23,1.96900e-02,7.32100e-05,1.60000e-10,1.79300e-04,7.43400e-18,1.57900e-14,4.23400e-15,1.54300e-10,1.00000e-38,9.80039e-01,4.09309e-38,1.30000e-09,0.00000e+00
<ATMOSPHERE-LAYER-39>1.62800e-05,1.78200e+02,7.62500e+01,1.77900e-05,4.84600e-13,8.22700e-23,1.96200e-02,7.77100e-05,1.61100e-10,2.28700e-04,3.50800e-17,1.45900e-14,1.82500e-15,1.52600e-10,1.00000e-38,9.80056e-01,4.09343e-38,1.30000e-09,0.00000e+00
<ATMOSPHERE-LAYER-40>1.12500e-05,1.78200e+02,7.82500e+01,1.67600e-05,4.59000e-13,7.58800e-23,1.95200e-02,8.13500e-05,1.51000e-10,2.97200e-04,1.11500e-16,1.34600e-14,8.50700e-16,1.49100e-10,1.00000e-38,9.80085e-01,4.09226e-38,1.30000e-09,0.00000e+00
<ATMOSPHERE-LAYER-41>7.78100e-06,1.78200e+02,8.02500e+01,1.55600e-05,4.25200e-13,6.76400e-23,1.93800e-02,8.37700e-05,1.34100e-10,3.89600e-04,2.49500e-16,1.24100e-14,4.38700e-16,1.42800e-10,1.00000e-38,9.80131e-01,4.09539e-38,1.30000e-09,0.00000e+00
<ATMOSPHERE-LAYER-42>5.38200e-06,1.78200e+02,8.22500e+01,1.42400e-05,3.84200e-13,5.79600e-23,1.91900e-02,8.46300e-05,1.13700e-10,5.08900e-04,4.30000e-16,1.14200e-14,2.56100e-16,1.32700e-10,1.00000e-38,9.80202e-01,4.09324e-38,1.30000e-09,0.00000e+00
<ATMOSPHERE-LAYER-43>3.72300e-06,1.78200e+02,8.42500e+01,1.28500e-05,3.38800e-13,4.77100e-23,1.89600e-02,8.37700e-05,9.24000e-11,6.54800e-04,6.17800e-16,1.04900e-14,1.67700e-16,1.18900e-10,1.00000e-38,9.80289e-01,4.09245e-38,1.30000e-09,0.00000e+00
<ATMOSPHERE-LAYER-44>2.57600e-06,1.78200e+02,8.62500e+01,1.14700e-05,2.92700e-13,3.78800e-23,1.86600e-02,8.12600e-05,7.23000e-11,8.23600e-04,7.87400e-16,9.60900e-15,1.19100e-16,1.02200e-10,1.00000e-38,9.80424e-01,4.09493e-38,1.30000e-09,0.00000e+00
<ATMOSPHERE-LAYER-45>1.78300e-06,1.78200e+02,8.82500e+01,1.01800e-05,2.49400e-13,2.92200e-23,1.82900e-02,7.74600e-05,5.48000e-11,1.00900e-03,9.32400e-16,8.77000e-15,8.88700e-17,8.44500e-11,1.00000e-38,9.80613e-01,4.09350e-38,1.30000e-09,0.00000e+00
<ATMOSPHERE-LAYER-46>1.23500e-06,1.78200e+02,9.02500e+01,9.02000e-06,2.11300e-13,2.21100e-23,1.78500e-02,7.28800e-05,4.05200e-11,1.20300e-03,1.06100e-15,7.96400e-15,6.83800e-17,6.72700e-11,1.00000e-38,9.80865e-01,4.09339e-38,1.30000e-09,0.00000e+00
<ATMOSPHERE-LAYER-47>8.55500e-07,1.78200e+02,9.22500e+01,8.05300e-06,1.79800e-13,1.65900e-23,1.73200e-02,6.80800e-05,2.94800e-11,1.39800e-03,1.19200e-15,7.18200e-15,5.39500e-17,5.20200e-11,1.00000e-38,9.81206e-01,4.09224e-38,1.30000e-09,0.00000e+00
<ATMOSPHERE-LAYER-48>5.92900e-07,1.78200e+02,9.42500e+01,7.31600e-06,1.56000e-13,1.25500e-23,1.66800e-02,6.35500e-05,2.13000e-11,1.58700e-03,1.35100e-15,6.41700e-15,4.37600e-17,3.94200e-11,1.00000e-38,9.81662e-01,4.09394e-38,1.30000e-09,0.00000e+00
<ATMOSPHERE-LAYER-49>4.11000e-07,1.78200e+02,9.62500e+01,6.84600e-06,1.40500e-13,9.78800e-24,1.59300e-02,5.97000e-05,1.54500e-11,1.76400e-03,1.57700e-15,5.66700e-15,3.67800e-17,2.97400e-11,1.00000e-38,9.82239e-01,4.09367e-38,1.30000e-09,0.00000e+00
<ATMOSPHERE-LAYER-50>2.85100e-07,1.78200e+02,9.82500e+01,6.69400e-06,1.34400e-13,8.18700e-24,1.50400e-02,5.68800e-05,1.13900e-11,1.92600e-03,1.88400e-15,4.93500e-15,3.23600e-17,2.29300e-11,1.00000e-38,9.82970e-01,4.09305e-38,1.30000e-09,0.00000e+00
<SURFACE-TEMPERATURE>281.800
<SURFACE-ALBEDO>0.25
<SURFACE-EMISSIVITY>1.0
<SURFACE-NSURF>0
<GENERATOR-INSTRUMENT>JWST

<GENERATOR-RANGE1>0.4

<GENERATOR-RANGE2>20

<GENERATOR-RANGEUNIT>um

<GENERATOR-RESOLUTION>200

<GENERATOR-RESOLUTIONUNIT>RP

<GENERATOR-TELESCOPE>SINGLE

<GENERATOR-DIAMTELE>5.64

<GENERATOR-BEAM>1.0

<GENERATOR-BEAM-UNIT>diffrac

<GENERATOR-TELESCOPE1>1

<GENERATOR-TELESCOPE2>2.0

<GENERATOR-TELESCOPE3>1.0

