<ATMOSPHERE-DESCRIPTION>ATMOS Photochemistry
<ATMOSPHERE-STRUCTURE>Equilibrium
<ATMOSPHERE-PRESSURE>1.013
<ATMOSPHERE-PUNIT>bar
<ATMOSPHERE-WEIGHT>28.286
<ATMOSPHERE-NGAS>11
<ATMOSPHERE-GAS>N2,H2O,CH4,CO2,O2,O3,CO,H2CO,NO2,SO2,N2O
<ATMOSPHERE-TYPE>HIT[22],HIT[1],HIT[6],HIT[2],HIT[7],HIT[3],HIT[5],HIT[20],HIT[10],HIT[9],HIT[4]
<ATMOSPHERE-ABUN>1,1,1,1,1,1,1,1,1,1,1
<ATMOSPHERE-UNIT>scl,scl,scl,scl,scl,scl,scl,scl,scl,scl,scl
<ATMOSPHERE-NAERO>1
<ATMOSPHERE-AEROS>Haze
<ATMOSPHERE-ATYPE>KHARE_TITAN_THOLINS_HRI
<ATMOSPHERE-AABUN>1
<ATMOSPHERE-AUNIT>scl
<ATMOSPHERE-ASIZE>1
<ATMOSPHERE-ASUNI>scl
<ATMOSPHERE-LAYERS-MOLECULES>Altitude,H2O,CH4,C2H6,CO2,O2,O3,CO,H2CO,HNO3,NO2,SO2,N2O,N2,Haze,Haze_size
<ATMOSPHERE-LAYERS>50
<ATMOSPHERE-LAYER-1>1.01300e+00,2.81800e+02,2.50000e-01,7.72400e-03,1.48200e-10,2.98300e-24,2.00000e-02,1.00000e-08,1.10600e-16,5.48800e-03,1.79400e-18,2.01400e-13,3.26700e-10,7.97400e-11,0.00000e+00,9.66788e-01,4.09269e-38,1.30000e-09,0.00000e+00
<ATMOSPHERE-LAYER-2>1.01200e+00,2.70600e+02,2.25000e+00,3.42300e-03,1.48200e-10,2.98300e-24,2.00000e-02,6.56400e-07,1.46500e-14,5.48900e-03,2.91800e-18,4.17400e-13,5.02800e-10,2.12900e-10,1.00000e-38,9.71087e-01,4.09258e-38,1.30000e-09,0.00000e+00
<ATMOSPHERE-LAYER-3>1.01200e+00,2.58200e+02,4.25000e+00,1.14700e-03,1.48200e-10,2.98300e-24,2.00000e-02,1.27600e-06,8.14200e-14,5.49100e-03,4.36100e-18,8.42100e-13,7.15100e-10,2.90700e-10,1.00000e-38,9.73361e-01,4.09378e-38,1.30000e-09,0.00000e+00
<ATMOSPHERE-LAYER-4>1.01200e+00,2.43100e+02,6.25000e+00,2.64100e-04,1.48200e-10,2.98300e-24,2.00000e-02,1.86400e-06,2.98800e-13,5.49200e-03,5.66100e-18,1.42500e-12,7.84500e-10,3.29100e-10,1.00000e-38,9.74242e-01,4.09270e-38,1.30000e-09,0.00000e+00
<ATMOSPHERE-LAYER-5>1.01200e+00,2.32900e+02,8.25000e+00,8.69000e-05,1.48200e-10,2.98300e-24,2.00000e-02,2.42300e-06,6.69500e-13,5.49300e-03,6.88200e-18,2.16200e-12,7.51600e-10,3.40500e-10,1.00000e-38,9.74418e-01,4.09227e-38,1.30000e-09,0.00000e+00
<ATMOSPHERE-LAYER-6>1.01200e+00,2.27700e+02,1.02500e+01,4.78600e-05,1.48200e-10,2.98300e-24,2.00000e-02,2.98700e-06,1.05400e-12,5.49400e-03,8.10500e-18,3.09400e-12,7.03400e-10,3.39600e-10,1.00000e-38,9.74455e-01,4.09160e-38,1.30000e-09,0.00000e+00
<ATMOSPHERE-LAYER-7>1.01200e+00,2.27400e+02,1.22500e+01,7.95500e-06,1.48200e-10,2.98300e-24,2.00100e-02,4.78200e-06,1.55300e-12,5.49800e-03,1.15500e-17,6.43800e-12,6.63000e-10,3.35000e-10,1.00000e-38,9.74479e-01,4.09430e-38,1.30000e-09,0.00000e+00
<ATMOSPHERE-LAYER-8>1.01200e+00,2.29200e+02,1.42500e+01,6.78100e-06,1.48200e-10,2.98200e-24,2.00200e-02,1.12600e-05,2.88700e-12,5.51100e-03,2.15900e-17,1.84100e-11,7.16300e-10,3.18600e-10,1.00000e-38,9.74451e-01,4.09230e-38,1.30000e-09,0.00000e+00
<ATMOSPHERE-LAYER-9>1.01200e+00,2.31200e+02,1.62500e+01,5.93600e-06,1.48200e-10,2.98100e-24,2.00300e-02,2.30000e-05,5.12800e-12,5.53400e-03,3.63800e-17,3.98200e-11,8.81800e-10,2.88500e-10,1.00000e-38,9.74407e-01,4.09156e-38,1.30000e-09,0.00000e+00
<ATMOSPHERE-LAYER-10>1.01200e+00,2.33600e+02,1.82500e+01,4.92300e-06,1.48200e-10,2.98000e-24,2.00500e-02,3.70800e-05,7.94400e-12,5.56200e-03,5.10600e-17,6.52000e-11,1.09600e-09,2.51800e-10,1.00000e-38,9.74346e-01,4.09063e-38,1.30000e-09,0.00000e+00
<ATMOSPHERE-LAYER-11>1.01200e+00,2.35700e+02,2.02500e+01,3.95900e-06,1.48200e-10,2.97900e-24,2.00700e-02,5.05000e-05,1.10400e-11,5.58900e-03,6.26700e-17,8.89600e-11,1.29600e-09,2.16400e-10,1.00000e-38,9.74287e-01,4.09249e-38,1.30000e-09,0.00000e+00
<ATMOSPHERE-LAYER-12>1.01100e+00,2.37400e+02,2.22500e+01,3.17100e-06,1.48200e-10,2.97800e-24,2.00800e-02,6.14800e-05,1.41100e-11,5.61100e-03,7.04000e-17,1.08000e-10,1.45600e-09,1.87100e-10,1.00000e-38,9.74244e-01,4.09454e-38,1.30000e-09,0.00000e+00
<ATMOSPHERE-LAYER-13>1.01100e+00,2.38600e+02,2.42500e+01,2.55500e-06,1.48200e-10,2.97700e-24,2.01000e-02,7.00900e-05,1.72000e-11,5.62800e-03,7.50600e-17,1.22600e-10,1.58100e-09,1.63900e-10,1.00000e-38,9.74199e-01,4.09413e-38,1.30000e-09,0.00000e+00
<ATMOSPHERE-LAYER-14>1.01100e+00,2.39100e+02,2.62500e+01,2.07300e-06,1.48200e-10,2.97600e-24,2.01000e-02,7.68200e-05,2.05300e-11,5.64200e-03,7.75600e-17,1.33600e-10,1.68400e-09,1.45600e-10,1.00000e-38,9.74179e-01,4.09120e-38,1.30000e-09,0.00000e+00
<ATMOSPHERE-LAYER-15>1.01100e+00,2.39000e+02,2.82500e+01,1.68900e-06,1.48200e-10,2.97600e-24,2.01100e-02,8.22000e-05,2.43000e-11,5.65200e-03,7.86200e-17,1.42200e-10,1.77400e-09,1.30800e-10,1.00000e-38,9.74154e-01,4.09529e-38,1.30000e-09,0.00000e+00
<ATMOSPHERE-LAYER-16>1.01100e+00,2.38700e+02,3.02500e+01,1.37700e-06,1.48200e-10,2.97600e-24,2.01200e-02,8.65800e-05,2.84700e-11,5.66100e-03,7.87500e-17,1.48800e-10,1.85400e-09,1.18700e-10,1.00000e-38,9.74131e-01,4.09404e-38,1.30000e-09,0.00000e+00
<ATMOSPHERE-LAYER-17>1.01100e+00,2.38500e+02,3.22500e+01,1.12000e-06,1.48200e-10,2.97500e-24,2.01200e-02,9.01800e-05,3.26400e-11,5.66800e-03,7.83100e-17,1.54100e-10,1.92000e-09,1.08600e-10,1.00000e-38,9.74121e-01,4.09413e-38,1.30000e-09,0.00000e+00
<ATMOSPHERE-LAYER-18>1.01100e+00,2.39900e+02,3.42500e+01,9.05900e-07,1.48200e-10,2.97500e-24,2.01300e-02,9.32000e-05,3.48800e-11,5.67400e-03,7.74600e-17,1.58200e-10,1.96000e-09,1.00200e-10,1.00000e-38,9.74102e-01,4.09280e-38,1.30000e-09,0.00000e+00
<ATMOSPHERE-LAYER-19>1.01100e+00,2.40700e+02,3.62500e+01,7.28600e-07,1.48200e-10,2.97500e-24,2.01300e-02,9.57000e-05,3.75500e-11,5.67900e-03,7.62000e-17,1.61500e-10,1.99600e-09,9.30700e-11,1.00000e-38,9.74095e-01,4.09358e-38,1.30000e-09,0.00000e+00
<ATMOSPHERE-LAYER-20>1.01100e+00,2.41300e+02,3.82500e+01,5.86300e-07,1.48200e-10,2.97500e-24,2.01300e-02,9.77100e-05,4.04000e-11,5.68300e-03,7.46100e-17,1.63900e-10,2.02800e-09,8.73400e-11,1.00000e-38,9.74089e-01,4.09270e-38,1.30000e-09,0.00000e+00
<ATMOSPHERE-LAYER-21>1.01100e+00,2.41800e+02,4.02500e+01,4.71200e-07,1.48200e-10,2.97500e-24,2.01300e-02,9.93400e-05,4.32400e-11,5.68700e-03,7.27400e-17,1.65800e-10,2.05700e-09,8.26700e-11,1.00000e-38,9.74083e-01,4.09222e-38,1.30000e-09,0.00000e+00
<ATMOSPHERE-LAYER-22>1.01100e+00,2.42000e+02,4.22500e+01,3.77500e-07,1.48200e-10,2.97500e-24,2.01400e-02,1.00700e-04,4.68500e-11,5.68900e-03,7.06500e-17,1.67100e-10,2.09000e-09,7.88300e-11,1.00000e-38,9.74070e-01,4.09338e-38,1.30000e-09,0.00000e+00
<ATMOSPHERE-LAYER-23>1.01000e+00,2.41700e+02,4.42500e+01,3.02500e-07,1.48200e-10,2.97400e-24,2.01400e-02,1.01700e-04,5.19400e-11,5.69200e-03,6.84800e-17,1.68100e-10,2.13600e-09,7.57300e-11,1.00000e-38,9.74066e-01,4.09294e-38,1.30000e-09,0.00000e+00
<ATMOSPHERE-LAYER-24>1.01000e+00,2.41300e+02,4.62500e+01,2.41600e-07,1.48200e-10,2.97400e-24,2.01400e-02,1.02600e-04,5.97900e-11,5.69300e-03,6.62900e-17,1.68800e-10,2.22700e-09,7.32000e-11,1.00000e-38,9.74064e-01,4.09250e-38,1.30000e-09,0.00000e+00
<ATMOSPHERE-LAYER-25>1.01000e+00,2.41600e+02,4.82500e+01,1.92300e-07,1.48200e-10,2.97400e-24,2.01400e-02,1.03300e-04,7.66700e-11,5.69500e-03,6.41600e-17,1.69300e-10,2.45500e-09,7.11300e-11,1.00000e-38,9.74062e-01,4.09252e-38,1.30000e-09,0.00000e+00
<ATMOSPHERE-LAYER-26>1.01000e+00,2.43600e+02,5.02500e+01,1.51600e-07,1.48200e-10,2.97400e-24,2.01400e-02,1.03900e-04,1.36200e-10,5.69600e-03,6.20500e-17,1.69600e-10,3.04300e-09,6.94100e-11,1.00000e-38,9.74060e-01,4.09319e-38,1.30000e-09,0.00000e+00
<ATMOSPHERE-LAYER-27>1.01000e+00,2.45900e+02,5.22500e+01,1.17400e-07,1.48200e-10,2.97400e-24,2.01400e-02,1.04400e-04,7.68900e-10,5.69700e-03,5.98000e-17,1.69800e-10,4.06300e-09,6.79300e-11,1.00000e-38,9.74058e-01,4.09294e-38,1.30000e-09,0.00000e+00
<ATMOSPHERE-LAYER-28>1.01000e+00,2.47100e+02,5.42500e+01,8.83800e-08,1.48200e-10,2.97400e-24,2.01400e-02,1.04800e-04,4.69900e-09,5.69800e-03,5.73400e-17,1.69900e-10,4.39400e-09,6.66400e-11,1.00000e-38,9.74057e-01,4.09377e-38,1.30000e-09,0.00000e+00
<ATMOSPHERE-LAYER-29>1.01000e+00,2.46900e+02,5.62500e+01,6.46800e-08,1.48200e-10,2.97400e-24,2.01400e-02,1.05100e-04,1.33600e-08,5.69800e-03,5.45100e-17,1.70000e-10,4.43700e-09,6.55700e-11,1.00000e-38,9.74057e-01,4.09312e-38,1.30000e-09,0.00000e+00
<ATMOSPHERE-LAYER-30>1.01000e+00,2.43700e+02,5.82500e+01,4.61600e-08,1.48200e-10,2.97400e-24,2.01400e-02,1.05400e-04,2.78000e-08,5.69900e-03,5.10500e-17,1.70100e-10,4.44600e-09,6.47200e-11,1.00000e-38,9.74056e-01,4.09352e-38,1.30000e-09,0.00000e+00
<ATMOSPHERE-LAYER-31>1.01000e+00,2.37600e+02,6.02500e+01,3.23200e-08,1.48200e-10,2.97400e-24,2.01400e-02,1.05600e-04,4.80100e-08,5.69900e-03,4.71300e-17,1.70100e-10,4.44900e-09,6.40800e-11,1.00000e-38,9.74055e-01,4.09296e-38,1.30000e-09,0.00000e+00
<ATMOSPHERE-LAYER-32>1.01000e+00,2.30200e+02,6.22500e+01,2.22400e-08,1.48200e-10,2.97400e-24,2.01400e-02,1.05700e-04,7.24000e-08,5.70000e-03,4.33100e-17,1.70100e-10,4.44900e-09,6.36000e-11,1.00000e-38,9.74054e-01,4.09172e-38,1.30000e-09,0.00000e+00
<ATMOSPHERE-LAYER-33>1.01000e+00,2.19500e+02,6.42500e+01,1.50000e-08,1.48200e-10,2.97400e-24,2.01400e-02,1.05800e-04,9.84400e-08,5.70000e-03,4.00500e-17,1.70200e-10,4.44800e-09,6.32700e-11,1.00000e-38,9.74054e-01,4.09331e-38,1.30000e-09,0.00000e+00
<ATMOSPHERE-LAYER-34>1.00900e+00,1.98300e+02,6.62500e+01,9.91500e-09,1.48200e-10,2.97400e-24,2.01400e-02,1.05800e-04,1.22800e-07,5.70000e-03,3.76300e-17,1.70200e-10,4.44100e-09,6.30300e-11,1.00000e-38,9.74054e-01,4.09260e-38,1.30000e-09,0.00000e+00
<ATMOSPHERE-LAYER-35>1.00900e+00,1.74000e+02,6.82500e+01,6.55100e-09,1.48200e-10,2.97400e-24,2.01400e-02,1.05800e-04,1.42300e-07,5.70000e-03,3.60200e-17,1.70200e-10,4.42100e-09,6.28700e-11,1.00000e-38,9.74054e-01,4.09332e-38,1.30000e-09,0.00000e+00
<ATMOSPHERE-LAYER-36>1.00900e+00,1.78200e+02,7.02500e+01,5.08700e-09,1.48200e-10,2.97400e-24,2.01400e-02,1.05900e-04,1.61500e-07,5.70000e-03,3.46600e-17,1.70200e-10,4.42600e-09,6.27300e-11,1.00000e-38,9.74054e-01,4.09224e-38,1.30000e-09,0.00000e+00
<ATMOSPHERE-LAYER-37>1.00900e+00,1.78200e+02,7.22500e+01,4.42700e-09,1.48200e-10,2.97400e-24,2.01400e-02,1.05900e-04,1.82900e-07,5.70000e-03,3.33600e-17,1.70200e-10,4.42700e-09,6.25900e-11,1.00000e-38,9.74054e-01,4.09323e-38,1.30000e-09,0.00000e+00
<ATMOSPHERE-LAYER-38>1.00900e+00,1.78200e+02,7.42500e+01,4.12900e-09,1.48200e-10,2.97400e-24,2.01400e-02,1.05900e-04,2.06800e-07,5.70000e-03,3.21200e-17,1.70200e-10,4.42700e-09,6.24500e-11,1.00000e-38,9.74054e-01,4.09323e-38,1.30000e-09,0.00000e+00
<ATMOSPHERE-LAYER-39>1.00900e+00,1.78200e+02,7.62500e+01,3.99600e-09,1.48200e-10,2.97400e-24,2.01400e-02,1.05900e-04,2.33600e-07,5.70100e-03,3.09500e-17,1.70200e-10,4.42800e-09,6.23200e-11,1.00000e-38,9.74053e-01,4.09423e-38,1.30000e-09,0.00000e+00
<ATMOSPHERE-LAYER-40>1.00900e+00,1.78200e+02,7.82500e+01,3.93600e-09,1.48200e-10,2.97400e-24,2.01400e-02,1.05900e-04,2.63600e-07,5.70100e-03,2.98500e-17,1.70200e-10,4.42800e-09,6.21800e-11,1.00000e-38,9.74053e-01,4.09423e-38,1.30000e-09,0.00000e+00
<ATMOSPHERE-LAYER-41>1.00900e+00,1.78200e+02,8.02500e+01,3.91000e-09,1.48200e-10,2.97400e-24,2.01400e-02,1.05900e-04,2.97500e-07,5.70100e-03,2.88400e-17,1.70200e-10,4.42800e-09,6.20500e-11,1.00000e-38,9.74053e-01,4.09217e-38,1.30000e-09,0.00000e+00
<ATMOSPHERE-LAYER-42>1.00800e+00,1.78200e+02,8.22500e+01,3.89800e-09,1.48200e-10,2.97400e-24,2.01400e-02,1.05900e-04,3.35800e-07,5.70100e-03,2.79300e-17,1.70200e-10,4.42800e-09,6.19200e-11,1.00000e-38,9.74053e-01,4.09217e-38,1.30000e-09,0.00000e+00
<ATMOSPHERE-LAYER-43>1.00800e+00,1.78200e+02,8.42500e+01,3.89300e-09,1.48200e-10,2.97400e-24,2.01400e-02,1.05900e-04,3.79200e-07,5.70100e-03,2.71100e-17,1.70200e-10,4.42900e-09,6.18000e-11,1.00000e-38,9.74053e-01,4.09317e-38,1.30000e-09,0.00000e+00
<ATMOSPHERE-LAYER-44>1.00800e+00,1.78200e+02,8.62500e+01,3.89100e-09,1.48200e-10,2.97400e-24,2.01400e-02,1.05900e-04,4.28500e-07,5.70100e-03,2.64000e-17,1.70100e-10,4.42900e-09,6.16800e-11,1.00000e-38,9.74053e-01,4.09317e-38,1.30000e-09,0.00000e+00
<ATMOSPHERE-LAYER-45>1.00800e+00,1.78200e+02,8.82500e+01,3.89000e-09,1.48200e-10,2.97400e-24,2.01400e-02,1.05900e-04,4.84700e-07,5.70100e-03,2.58100e-17,1.70100e-10,4.42800e-09,6.15700e-11,1.00000e-38,9.74053e-01,4.09417e-38,1.30000e-09,0.00000e+00
<ATMOSPHERE-LAYER-46>1.00800e+00,1.78200e+02,9.02500e+01,3.89000e-09,1.48200e-10,2.97400e-24,2.01400e-02,1.05800e-04,5.48900e-07,5.70100e-03,2.53600e-17,1.70100e-10,4.42800e-09,6.14800e-11,1.00000e-38,9.74053e-01,4.09417e-38,1.30000e-09,0.00000e+00
<ATMOSPHERE-LAYER-47>1.00800e+00,1.78200e+02,9.22500e+01,3.89000e-09,1.48200e-10,2.97400e-24,2.01400e-02,1.05800e-04,6.22400e-07,5.70100e-03,2.50700e-17,1.70100e-10,4.42800e-09,6.13900e-11,1.00000e-38,9.74053e-01,4.09211e-38,1.30000e-09,0.00000e+00
<ATMOSPHERE-LAYER-48>1.00800e+00,1.78200e+02,9.42500e+01,3.89000e-09,1.48200e-10,2.97400e-24,2.01400e-02,1.05700e-04,7.06900e-07,5.70200e-03,2.49600e-17,1.70000e-10,4.42800e-09,6.13300e-11,1.00000e-38,9.74052e-01,4.09211e-38,1.30000e-09,0.00000e+00
<ATMOSPHERE-LAYER-49>1.00800e+00,1.78200e+02,9.62500e+01,3.89000e-09,1.48200e-10,2.97400e-24,2.01400e-02,1.05600e-04,8.04500e-07,5.70200e-03,2.50600e-17,1.70000e-10,4.42700e-09,6.12800e-11,1.00000e-38,9.74052e-01,4.09311e-38,1.30000e-09,0.00000e+00
<ATMOSPHERE-LAYER-50>1.00700e+00,1.78200e+02,9.82500e+01,3.89000e-09,1.48200e-10,2.97400e-24,2.01400e-02,1.05500e-04,9.17400e-07,5.70200e-03,2.54100e-17,1.70000e-10,4.42700e-09,6.12500e-11,1.00000e-38,9.74052e-01,4.09311e-38,1.30000e-09,0.00000e+00
<SURFACE-TEMPERATURE>281.800
<SURFACE-ALBEDO>0.25
<SURFACE-EMISSIVITY>1.0
<SURFACE-NSURF>0
