<ATMOSPHERE-DESCRIPTION>ATMOS Photochemistry
<ATMOSPHERE-STRUCTURE>Equilibrium
<ATMOSPHERE-PRESSURE>1.013
<ATMOSPHERE-PUNIT>bar
<ATMOSPHERE-WEIGHT>5.054
<ATMOSPHERE-NGAS>11
<ATMOSPHERE-GAS>N2,H2O,CH4,CO2,O2,O3,CO,H2CO,NO2,SO2,N2O
<ATMOSPHERE-TYPE>HIT[22],HIT[1],HIT[6],HIT[2],HIT[7],HIT[3],HIT[5],HIT[20],HIT[10],HIT[9],HIT[4]
<ATMOSPHERE-ABUN>1,1,1,1,1,1,1,1,1,1,1
<ATMOSPHERE-UNIT>scl,scl,scl,scl,scl,scl,scl,scl,scl,scl,scl
<ATMOSPHERE-NAERO>1
<ATMOSPHERE-AEROS>Haze
<ATMOSPHERE-ATYPE>KHARE_TITAN_THOLINS_HRI
<ATMOSPHERE-AABUN>1
<ATMOSPHERE-AUNIT>scl
<ATMOSPHERE-ASIZE>1
<ATMOSPHERE-ASUNI>scl
<ATMOSPHERE-LAYERS-MOLECULES>Altitude,H2O,CH4,C2H6,CO2,O2,O3,CO,H2CO,HNO3,NO2,SO2,N2O,N2,Haze,Haze_size
<ATMOSPHERE-LAYERS>50
<ATMOSPHERE-LAYER-1>1.01300e+00,2.81800e+02,2.50000e-01,7.72400e-03,2.00500e+00,2.51900e-06,2.00000e-02,1.00000e-08,3.93000e-10,6.95100e-05,2.00200e-09,1.17900e-13,7.16000e-10,4.85100e-11,0.00000e+00,-1.03280e+00,1.12145e-08,1.99000e-06,0.00000e+00
<ATMOSPHERE-LAYER-2>1.01200e+00,2.70600e+02,2.25000e+00,3.42300e-03,1.93600e+00,2.51900e-06,2.00000e-02,1.77100e-08,4.59300e-10,6.96500e-05,3.46100e-09,2.45400e-13,7.19700e-10,1.27500e-10,3.55200e-11,-9.59495e-01,1.85722e-08,1.99000e-06,0.00000e+00
<ATMOSPHERE-LAYER-3>1.01200e+00,2.58200e+02,4.25000e+00,1.14700e-03,1.87600e+00,2.51900e-06,2.00000e-02,2.52800e-08,5.35700e-10,6.99600e-05,6.25000e-09,5.01200e-13,7.22600e-10,1.69400e-10,7.00700e-11,-8.97220e-01,3.58523e-08,1.99000e-06,0.00000e+00
<ATMOSPHERE-LAYER-4>1.01200e+00,2.43100e+02,6.25000e+00,2.64100e-04,1.82600e+00,2.51900e-06,2.00000e-02,3.27000e-08,6.18500e-10,7.04500e-05,1.01100e-08,8.63800e-13,7.24800e-10,1.84500e-10,1.22500e-10,-8.46337e-01,6.06878e-08,1.99000e-06,0.00000e+00
<ATMOSPHERE-LAYER-5>1.01200e+00,2.32900e+02,8.25000e+00,8.69000e-05,1.78300e+00,2.51900e-06,1.99900e-02,4.00400e-08,7.06700e-10,7.11100e-05,1.48600e-08,1.33800e-12,7.27000e-10,1.84700e-10,1.92000e-10,-8.03151e-01,9.31860e-08,1.99000e-06,0.00000e+00
<ATMOSPHERE-LAYER-6>1.01200e+00,2.27700e+02,1.02500e+01,4.78600e-05,1.74700e+00,2.51900e-06,1.99900e-02,4.78200e-08,8.04900e-10,7.19800e-05,2.05500e-08,1.95800e-12,7.30700e-10,1.82000e-10,2.80200e-10,-7.67112e-01,1.35526e-07,1.99000e-06,0.00000e+00
<ATMOSPHERE-LAYER-7>1.01200e+00,2.27400e+02,1.22500e+01,7.96300e-06,1.65200e+00,2.51800e-06,1.99900e-02,7.42200e-08,1.15000e-09,7.55400e-05,4.06800e-08,4.28200e-12,7.50600e-10,1.87200e-10,5.22000e-10,-6.72076e-01,2.92572e-07,1.99000e-06,0.00000e+00
<ATMOSPHERE-LAYER-8>1.01200e+00,2.29200e+02,1.42500e+01,7.84100e-06,1.37900e+00,2.51600e-06,1.99700e-02,1.78400e-07,2.53000e-09,9.11700e-05,1.19100e-07,1.33000e-11,8.56300e-10,2.04200e-10,1.54600e-09,-3.99072e-01,8.86109e-07,1.99000e-06,0.00000e+00
<ATMOSPHERE-LAYER-9>1.01200e+00,2.31200e+02,1.62500e+01,9.22100e-06,9.93200e-01,2.51500e-06,1.99400e-02,4.02200e-07,5.43200e-09,1.26600e-04,2.86500e-07,3.24100e-11,1.13400e-09,2.27800e-10,3.94000e-09,-1.32790e-02,2.07619e-06,1.99000e-06,0.00000e+00
<ATMOSPHERE-LAYER-10>1.01200e+00,2.33600e+02,1.82500e+01,1.05900e-05,6.44400e-01,2.52100e-06,1.98800e-02,7.53800e-07,9.70100e-09,1.82700e-04,5.50100e-07,6.23700e-11,1.62800e-09,2.47600e-10,7.63600e-09,3.35523e-01,3.79183e-06,1.99000e-06,0.00000e+00
<ATMOSPHERE-LAYER-11>1.01200e+00,2.35700e+02,2.02500e+01,1.14100e-05,3.97500e-01,2.53900e-06,1.98100e-02,1.21100e-06,1.47100e-08,2.54700e-04,8.95600e-07,1.01600e-10,2.31900e-09,2.60900e-10,1.23000e-08,5.82419e-01,5.85654e-06,1.99000e-06,0.00000e+00
<ATMOSPHERE-LAYER-12>1.01100e+00,2.37400e+02,2.22500e+01,1.15200e-05,2.46900e-01,2.56800e-06,1.97300e-02,1.71700e-06,1.95200e-08,3.32700e-04,1.28000e-06,1.45200e-10,3.11200e-09,2.69600e-10,1.73100e-08,7.33020e-01,8.00336e-06,1.99000e-06,0.00000e+00
<ATMOSPHERE-LAYER-13>1.01100e+00,2.38600e+02,2.42500e+01,1.10900e-05,1.57900e-01,2.60400e-06,1.96600e-02,2.22700e-06,2.36400e-08,4.10400e-04,1.67200e-06,1.89800e-10,3.93100e-09,2.76600e-10,2.22700e-08,8.22012e-01,1.00879e-05,1.99000e-06,0.00000e+00
<ATMOSPHERE-LAYER-14>1.01100e+00,2.39100e+02,2.62500e+01,1.03300e-05,1.04500e-01,2.64400e-06,1.95900e-02,2.71900e-06,2.68700e-08,4.84500e-04,2.05200e-06,2.33000e-10,4.73200e-09,2.82900e-10,2.69500e-08,8.75408e-01,1.20329e-05,1.99000e-06,0.00000e+00
<ATMOSPHERE-LAYER-15>1.01100e+00,2.39000e+02,2.82500e+01,9.37000e-06,7.14100e-02,2.68500e-06,1.95200e-02,3.18200e-06,2.91900e-08,5.53600e-04,2.41100e-06,2.74100e-10,5.49200e-09,2.89000e-10,3.13100e-08,9.08499e-01,1.38317e-05,1.99000e-06,0.00000e+00
<ATMOSPHERE-LAYER-16>1.01100e+00,2.38700e+02,3.02500e+01,8.31600e-06,5.00900e-02,2.72600e-06,1.94600e-02,3.61200e-06,3.06800e-08,6.17500e-04,2.74700e-06,3.12600e-10,6.20300e-09,2.94900e-10,3.52800e-08,9.29815e-01,1.54706e-05,1.99000e-06,0.00000e+00
<ATMOSPHERE-LAYER-17>1.01100e+00,2.38500e+02,3.22500e+01,7.24500e-06,3.60300e-02,2.76400e-06,1.94000e-02,4.00200e-06,3.14000e-08,6.75200e-04,3.05200e-06,3.47800e-10,6.85000e-09,3.00500e-10,3.89000e-08,9.43878e-01,1.69470e-05,1.99000e-06,0.00000e+00
<ATMOSPHERE-LAYER-18>1.01100e+00,2.39900e+02,3.42500e+01,6.19200e-06,2.64400e-02,2.79900e-06,1.93500e-02,4.35400e-06,3.14800e-08,7.27100e-04,3.32900e-06,3.79800e-10,7.43700e-09,3.05800e-10,4.21400e-08,9.53466e-01,1.82668e-05,1.99000e-06,0.00000e+00
<ATMOSPHERE-LAYER-19>1.01100e+00,2.40700e+02,3.62500e+01,5.20700e-06,1.98300e-02,2.83100e-06,1.93000e-02,4.66300e-06,3.10300e-08,7.72500e-04,3.57300e-06,4.08100e-10,7.95300e-09,3.10700e-10,4.49800e-08,9.60081e-01,1.94249e-05,1.99000e-06,0.00000e+00
<ATMOSPHERE-LAYER-20>1.01100e+00,2.41300e+02,3.82500e+01,4.33800e-06,1.53500e-02,2.85800e-06,1.92700e-02,4.92100e-06,3.02100e-08,8.10400e-04,3.77700e-06,4.31800e-10,8.38400e-09,3.14800e-10,4.73700e-08,9.64554e-01,2.03735e-05,1.99000e-06,0.00000e+00
<ATMOSPHERE-LAYER-21>1.01100e+00,2.41800e+02,4.02500e+01,3.58300e-06,1.22200e-02,2.88100e-06,1.92400e-02,5.13500e-06,2.91500e-08,8.41700e-04,3.94600e-06,4.51700e-10,8.74200e-09,3.18400e-10,4.93500e-08,9.67683e-01,2.11603e-05,1.99000e-06,0.00000e+00
<ATMOSPHERE-LAYER-22>1.01100e+00,2.42000e+02,4.22500e+01,2.93000e-06,9.99000e-03,2.90000e-06,1.92100e-02,5.31200e-06,2.79500e-08,8.67600e-04,4.08700e-06,4.68300e-10,9.03900e-09,3.21400e-10,5.09800e-08,9.69917e-01,2.18219e-05,1.99000e-06,0.00000e+00
<ATMOSPHERE-LAYER-23>1.01000e+00,2.41700e+02,4.42500e+01,2.38300e-06,8.40300e-03,2.91600e-06,1.91900e-02,5.45500e-06,2.67100e-08,8.88400e-04,4.20100e-06,4.81700e-10,9.27800e-09,3.23900e-10,5.23100e-08,9.71504e-01,2.23414e-05,1.99000e-06,0.00000e+00
<ATMOSPHERE-LAYER-24>1.01000e+00,2.41300e+02,4.62500e+01,1.92400e-06,7.24600e-03,2.92800e-06,1.91700e-02,5.57000e-06,2.54800e-08,9.05300e-04,4.29300e-06,4.92700e-10,9.47200e-09,3.26000e-10,5.33700e-08,9.72664e-01,2.27600e-05,1.99000e-06,0.00000e+00
<ATMOSPHERE-LAYER-25>1.01000e+00,2.41600e+02,4.82500e+01,1.54100e-06,6.39600e-03,2.93900e-06,1.91600e-02,5.66300e-06,2.43100e-08,9.18800e-04,4.36700e-06,5.01600e-10,9.62700e-09,3.27700e-10,5.42200e-08,9.73511e-01,2.30975e-05,1.99000e-06,0.00000e+00
<ATMOSPHERE-LAYER-26>1.01000e+00,2.43600e+02,5.02500e+01,1.21800e-06,5.75100e-03,2.94700e-06,1.91500e-02,5.73900e-06,2.31900e-08,9.29800e-04,4.42700e-06,5.08900e-10,9.75400e-09,3.29100e-10,5.49200e-08,9.74155e-01,2.33818e-05,1.99000e-06,0.00000e+00
<ATMOSPHERE-LAYER-27>1.01000e+00,2.45900e+02,5.22500e+01,9.41400e-07,5.24700e-03,2.95400e-06,1.91400e-02,5.80100e-06,2.21300e-08,9.38900e-04,4.47800e-06,5.15000e-10,9.86000e-09,3.30300e-10,5.54900e-08,9.74660e-01,2.36102e-05,1.99000e-06,0.00000e+00
<ATMOSPHERE-LAYER-28>1.01000e+00,2.47100e+02,5.42500e+01,7.04400e-07,4.85000e-03,2.96000e-06,1.91300e-02,5.85300e-06,2.11300e-08,9.46500e-04,4.51900e-06,5.20100e-10,9.94700e-09,3.31300e-10,5.59600e-08,9.75059e-01,2.37977e-05,1.99000e-06,0.00000e+00
<ATMOSPHERE-LAYER-29>1.01000e+00,2.46900e+02,5.62500e+01,5.08700e-07,4.54500e-03,2.96400e-06,1.91300e-02,5.89500e-06,2.02400e-08,9.52500e-04,4.55300e-06,5.24200e-10,1.00200e-08,3.32100e-10,5.63500e-08,9.75358e-01,2.39516e-05,1.99000e-06,0.00000e+00
<ATMOSPHERE-LAYER-30>1.01000e+00,2.43700e+02,5.82500e+01,3.54800e-07,4.32000e-03,2.96800e-06,1.91200e-02,5.92600e-06,1.94800e-08,9.57000e-04,4.57800e-06,5.27300e-10,1.00700e-08,3.32700e-10,5.66400e-08,9.75589e-01,2.40677e-05,1.99000e-06,0.00000e+00
<ATMOSPHERE-LAYER-31>1.01000e+00,2.37600e+02,6.02500e+01,2.39200e-07,4.16000e-03,2.97000e-06,1.91200e-02,5.94900e-06,1.88700e-08,9.60400e-04,4.59700e-06,5.29600e-10,1.01100e-08,3.33200e-10,5.68600e-08,9.75746e-01,2.41444e-05,1.99000e-06,0.00000e+00
<ATMOSPHERE-LAYER-32>1.01000e+00,2.30200e+02,6.22500e+01,1.54700e-07,4.05000e-03,2.97200e-06,1.91200e-02,5.96500e-06,1.83900e-08,9.62700e-04,4.61000e-06,5.31300e-10,1.01300e-08,3.33500e-10,5.70100e-08,9.75854e-01,2.42082e-05,1.99000e-06,0.00000e+00
<ATMOSPHERE-LAYER-33>1.01000e+00,2.19500e+02,6.42500e+01,9.38300e-08,3.97400e-03,2.97300e-06,1.91100e-02,5.97600e-06,1.80200e-08,9.64300e-04,4.61900e-06,5.32400e-10,1.01500e-08,3.33800e-10,5.71100e-08,9.75938e-01,2.42380e-05,1.99000e-06,0.00000e+00
<ATMOSPHERE-LAYER-34>1.00900e+00,1.98300e+02,6.62500e+01,5.11000e-08,3.92400e-03,2.97400e-06,1.91100e-02,5.98300e-06,1.77500e-08,9.65400e-04,4.62500e-06,5.33200e-10,1.01600e-08,3.33900e-10,5.71900e-08,9.75987e-01,2.42670e-05,1.99000e-06,0.00000e+00
<ATMOSPHERE-LAYER-35>1.00900e+00,1.74000e+02,6.82500e+01,2.46300e-08,3.89300e-03,2.97500e-06,1.91100e-02,5.98800e-06,1.75500e-08,9.66100e-04,4.62900e-06,5.33700e-10,1.01700e-08,3.34000e-10,5.72300e-08,9.76017e-01,2.42822e-05,1.99000e-06,0.00000e+00
<ATMOSPHERE-LAYER-36>1.00900e+00,1.78200e+02,7.02500e+01,1.32400e-08,3.86600e-03,2.97500e-06,1.91100e-02,5.99200e-06,1.73600e-08,9.66600e-04,4.63200e-06,5.34100e-10,1.01800e-08,3.34100e-10,5.72700e-08,9.76044e-01,2.43033e-05,1.99000e-06,0.00000e+00
<ATMOSPHERE-LAYER-37>1.00900e+00,1.78200e+02,7.22500e+01,8.09700e-09,3.84200e-03,2.97500e-06,1.91100e-02,5.99600e-06,1.71600e-08,9.67200e-04,4.63500e-06,5.34500e-10,1.01900e-08,3.34200e-10,5.73000e-08,9.76067e-01,2.43154e-05,1.99000e-06,0.00000e+00
<ATMOSPHERE-LAYER-38>1.00900e+00,1.78200e+02,7.42500e+01,5.78100e-09,3.82000e-03,2.97600e-06,1.91100e-02,6.00000e-06,1.69500e-08,9.67700e-04,4.63800e-06,5.34900e-10,1.01900e-08,3.34300e-10,5.73300e-08,9.76089e-01,2.43277e-05,1.99000e-06,0.00000e+00
<ATMOSPHERE-LAYER-39>1.00900e+00,1.78200e+02,7.62500e+01,4.74000e-09,3.79900e-03,2.97600e-06,1.91100e-02,6.00300e-06,1.67200e-08,9.68200e-04,4.64100e-06,5.35300e-10,1.02000e-08,3.34400e-10,5.73600e-08,9.76109e-01,2.43398e-05,1.99000e-06,0.00000e+00
<ATMOSPHERE-LAYER-40>1.00900e+00,1.78200e+02,7.82500e+01,4.27100e-09,3.78000e-03,2.97700e-06,1.91100e-02,6.00600e-06,1.64800e-08,9.68600e-04,4.64300e-06,5.35700e-10,1.02000e-08,3.34400e-10,5.73800e-08,9.76128e-01,2.43520e-05,1.99000e-06,0.00000e+00
<ATMOSPHERE-LAYER-41>1.00900e+00,1.78200e+02,8.02500e+01,4.06000e-09,3.76300e-03,2.97700e-06,1.91100e-02,6.00900e-06,1.62400e-08,9.69000e-04,4.64600e-06,5.36000e-10,1.02100e-08,3.34500e-10,5.74100e-08,9.76144e-01,2.43641e-05,1.99000e-06,0.00000e+00
<ATMOSPHERE-LAYER-42>1.00800e+00,1.78200e+02,8.22500e+01,3.96600e-09,3.74800e-03,2.97700e-06,1.91100e-02,6.01100e-06,1.59700e-08,9.69300e-04,4.64800e-06,5.36300e-10,1.02100e-08,3.34600e-10,5.74300e-08,9.76159e-01,2.43703e-05,1.99000e-06,0.00000e+00
<ATMOSPHERE-LAYER-43>1.00800e+00,1.78200e+02,8.42500e+01,3.92400e-09,3.73400e-03,2.97700e-06,1.91100e-02,6.01300e-06,1.57000e-08,9.69700e-04,4.65000e-06,5.36700e-10,1.02100e-08,3.34700e-10,5.74500e-08,9.76173e-01,2.43762e-05,1.99000e-06,0.00000e+00
<ATMOSPHERE-LAYER-44>1.00800e+00,1.78200e+02,8.62500e+01,3.90500e-09,3.72200e-03,2.97800e-06,1.91100e-02,6.01500e-06,1.54200e-08,9.69900e-04,4.65100e-06,5.36900e-10,1.02200e-08,3.34700e-10,5.74700e-08,9.76184e-01,2.43823e-05,1.99000e-06,0.00000e+00
<ATMOSPHERE-LAYER-45>1.00800e+00,1.78200e+02,8.82500e+01,3.89700e-09,3.71200e-03,2.97800e-06,1.91100e-02,6.01700e-06,1.51200e-08,9.70200e-04,4.65300e-06,5.37200e-10,1.02200e-08,3.34800e-10,5.74800e-08,9.76194e-01,2.43944e-05,1.99000e-06,0.00000e+00
<ATMOSPHERE-LAYER-46>1.00800e+00,1.78200e+02,9.02500e+01,3.89400e-09,3.70400e-03,2.97800e-06,1.91100e-02,6.01900e-06,1.48200e-08,9.70400e-04,4.65400e-06,5.37400e-10,1.02200e-08,3.34900e-10,5.75000e-08,9.76202e-01,2.43944e-05,1.99000e-06,0.00000e+00
<ATMOSPHERE-LAYER-47>1.00800e+00,1.78200e+02,9.22500e+01,3.89400e-09,3.69600e-03,2.97800e-06,1.91100e-02,6.02000e-06,1.45000e-08,9.70600e-04,4.65600e-06,5.37700e-10,1.02200e-08,3.34900e-10,5.75100e-08,9.76210e-01,2.44004e-05,1.99000e-06,0.00000e+00
<ATMOSPHERE-LAYER-48>1.00800e+00,1.78200e+02,9.42500e+01,3.89700e-09,3.69100e-03,2.97800e-06,1.91100e-02,6.02100e-06,1.41800e-08,9.70700e-04,4.65600e-06,5.37900e-10,1.02300e-08,3.35000e-10,5.75100e-08,9.76215e-01,2.44004e-05,1.99000e-06,0.00000e+00
<ATMOSPHERE-LAYER-49>1.00800e+00,1.78200e+02,9.62500e+01,3.90300e-09,3.68700e-03,2.97800e-06,1.91100e-02,6.02100e-06,1.38400e-08,9.70800e-04,4.65700e-06,5.38100e-10,1.02300e-08,3.35000e-10,5.75200e-08,9.76218e-01,2.44063e-05,1.99000e-06,0.00000e+00
<ATMOSPHERE-LAYER-50>1.00700e+00,1.78200e+02,9.82500e+01,3.91700e-09,3.68500e-03,2.97800e-06,1.91100e-02,6.02200e-06,1.35000e-08,9.70800e-04,4.65800e-06,5.38200e-10,1.02300e-08,3.35100e-10,5.75200e-08,9.76220e-01,2.44063e-05,1.99000e-06,0.00000e+00
<SURFACE-TEMPERATURE>281.800
<SURFACE-ALBEDO>0.25
<SURFACE-EMISSIVITY>1.0
<SURFACE-NSURF>0
<GENERATOR-INSTRUMENT>JWST

<GENERATOR-RANGE1>0.4

<GENERATOR-RANGE2>20

<GENERATOR-RANGEUNIT>um

<GENERATOR-RESOLUTION>200

<GENERATOR-RESOLUTIONUNIT>RP

<GENERATOR-TELESCOPE>SINGLE

<GENERATOR-DIAMTELE>5.64

<GENERATOR-BEAM>1.0

<GENERATOR-BEAM-UNIT>diffrac

<GENERATOR-TELESCOPE1>1

<GENERATOR-TELESCOPE2>2.0

<GENERATOR-TELESCOPE3>1.0

