  1.923783E-01  1.00E-08  4.59E-05  5.28E-05  3.50E-03  3.86E+11  4.64E+11 -2.96E+11 -1.81E+11  3.50E+09 -5.19E+07  4.30E+15  4.19E+14  3.27E+11  3.50E+10  7.89E+06  5.03E+09  8.13E+03  3.15E+19  1.42E-17  1.00E+10  0.00E+00  0.00E+00  2.51E+23
  1.950454E-01  1.00E-08  4.59E-05  5.28E-05  3.50E-03  3.85E+11  4.64E+11 -2.96E+11 -1.81E+11  3.50E+09 -5.20E+07  4.29E+15  4.11E+14  3.27E+11  3.50E+10  7.89E+06  5.03E+09  8.13E+03  3.15E+19  1.42E-17  1.00E+10  0.00E+00  0.00E+00  2.51E+23
  6.318866E+02  1.00E-08  4.59E-05  5.28E-05  3.50E-03  3.09E+11  3.97E+11 -2.97E+11 -1.98E+11  3.50E+09 -8.97E+07 -6.07E+14  1.28E+13  3.27E+11  3.49E+10  7.87E+06  5.03E+09  8.13E+03  3.13E+19  1.42E-17  1.00E+10  0.00E+00  0.00E+00  2.51E+23
  6.406683E+02  1.00E-08  4.59E-05  5.28E-05  3.50E-03  3.08E+11  3.96E+11 -2.97E+11 -1.98E+11  3.50E+09 -9.00E+07 -6.44E+14  1.26E+13  3.27E+11  3.49E+10  7.87E+06  5.03E+09  8.14E+03  3.13E+19  1.42E-17  1.00E+10  0.00E+00  0.00E+00  2.51E+23
  6.282971E+04  1.00E-08  4.59E-05  5.28E-05  3.50E-03  1.61E+11  9.55E+10 -3.03E+11 -2.13E+11  3.50E+09 -1.48E+08 -6.99E+15  1.98E+07  2.83E+11  2.84E+10  6.50E+06  4.98E+09  8.34E+03  3.08E+19  1.82E-17  1.00E+10  0.00E+00  0.00E+00  2.51E+23
  6.294361E+04  1.00E-08  4.59E-05  5.28E-05  3.50E-03  1.61E+11  9.54E+10 -3.03E+11 -2.13E+11  3.50E+09 -1.48E+08 -6.98E+15  1.98E+07  2.83E+11  2.84E+10  6.49E+06  4.98E+09  8.34E+03  3.08E+19  1.82E-17  1.00E+10  0.00E+00  0.00E+00  2.51E+23
  2.359256E+06  1.00E-08  4.60E-05  5.29E-05  3.50E-03  3.63E+10  2.79E+10 -3.22E+11 -2.10E+11  3.50E+09 -9.00E+07 -3.85E+14 -5.39E+07  4.40E+10  3.05E+09  1.27E+06  3.86E+09  1.57E+04  3.00E+19  1.24E-16  1.00E+10  0.00E+00  0.00E+00  2.51E+23
  1.448749E+07  1.00E-08  4.64E-05  5.34E-05  3.50E-03  1.10E+10  3.54E+10 -3.45E+11 -2.31E+11  3.50E+09 -1.09E+08 -1.73E+13  3.20E+07  5.17E+09  3.97E+08  4.70E+05  3.39E+09  2.89E+04  2.35E+19  7.75E-17  1.00E+10  0.00E+00  0.00E+00  2.51E+23
  7.791615E+07  1.00E-08  5.27E-05  6.06E-05  3.50E-03 -4.02E+10  1.83E+11 -6.27E+11 -5.41E+11  3.50E+09 -1.55E+08 -2.21E+12 -3.53E+04  3.69E+10  1.97E+09  5.33E+05  3.62E+09  2.24E+04  8.06E+18  1.63E-17  1.00E+10  0.00E+00  0.00E+00  2.51E+23
  6.327969E+08  1.00E-08  3.93E-04  4.78E-04  3.28E-03 -4.08E+11  3.35E+11 -2.96E+12 -2.12E+12  3.50E+09 -1.11E+08 -2.35E+11  1.44E+06  3.28E+11  1.73E+10  8.81E+05  3.52E+09  2.61E+03  3.40E+16  2.06E-18  1.00E+10  0.00E+00  0.00E+00  2.50E+23
  6.130934E+09  1.00E-08  5.29E-04  6.83E-04  3.15E-03 -4.55E+10  6.02E+07 -3.30E+12 -2.12E+12  3.50E+09 -1.55E+08 -2.00E+10 -2.87E+07  7.36E+10  5.66E+09  3.44E+05  3.53E+09  4.36E+02  4.78E+15  9.21E-20  1.00E+10  0.00E+00  0.00E+00  2.38E+23
  6.131291E+09  1.00E-08  5.29E-04  6.83E-04  3.15E-03 -4.55E+10  6.02E+07 -3.30E+12 -2.12E+12  3.50E+09 -1.55E+08 -2.00E+10 -3.16E+07  7.36E+10  5.66E+09  3.44E+05  3.53E+09  4.36E+02  4.78E+15  9.20E-20  1.00E+10  0.00E+00  0.00E+00  2.38E+23
  6.905979E+09  1.00E-08  5.22E-04  6.78E-04  3.15E-03 -6.36E+09  5.30E+07 -3.25E+12 -2.11E+12  3.50E+09 -1.47E+08 -1.98E+10  9.48E+06  7.59E+10  7.32E+09  4.84E+05  3.53E+09  3.37E+02  1.44E+12  4.54E-20  1.00E+10  0.00E+00  0.00E+00  2.37E+23
  6.906033E+09  1.00E-08  5.22E-04  6.78E-04  3.15E-03 -6.36E+09  5.30E+07 -3.25E+12 -2.11E+12  3.50E+09 -1.47E+08 -1.98E+10  9.44E+06  7.59E+10  7.32E+09  4.84E+05  3.53E+09  3.37E+02  1.44E+12  4.54E-20  1.00E+10  0.00E+00  0.00E+00  2.37E+23
  6.960203E+09  1.00E-08  5.21E-04  6.78E-04  3.15E-03 -3.01E+09  5.25E+07 -3.25E+12 -2.11E+12  3.50E+09 -1.46E+08 -1.97E+10  2.61E+06  7.65E+10  7.45E+09  5.01E+05  3.53E+09  3.31E+02  5.57E+11  4.31E-20  1.00E+10  0.00E+00  0.00E+00  2.37E+23
  6.960323E+09  1.00E-08  5.21E-04  6.78E-04  3.15E-03 -3.01E+09  5.25E+07 -3.25E+12 -2.11E+12  3.50E+09 -1.46E+08 -1.97E+10  2.83E+06  7.65E+10  7.45E+09  5.01E+05  3.53E+09  3.31E+02  5.57E+11  4.31E-20  1.00E+10  0.00E+00  0.00E+00  2.37E+23
  7.011496E+09  1.00E-08  5.21E-04  6.77E-04  3.15E-03 -1.33E+08  5.09E+07 -3.24E+12 -2.11E+12  3.50E+09 -1.45E+08 -1.97E+10 -4.47E+05  7.67E+10  7.50E+09  5.14E+05  3.54E+09  3.25E+02  4.96E+11  4.10E-20  1.00E+10  0.00E+00  0.00E+00  2.37E+23
  7.011512E+09  1.00E-08  5.21E-04  6.77E-04  3.15E-03 -1.32E+08  5.09E+07 -3.24E+12 -2.11E+12  3.50E+09 -1.45E+08 -1.97E+10  1.59E+05  7.67E+10  7.50E+09  5.14E+05  3.54E+09  3.25E+02  4.96E+11  4.10E-20  1.00E+10  0.00E+00  0.00E+00  2.37E+23
  7.066251E+09  1.00E-08  5.20E-04  6.77E-04  3.15E-03  2.08E+09  4.86E+07 -3.24E+12 -2.11E+12  3.50E+09 -1.45E+08 -1.96E+10  9.12E+05  7.62E+10  7.47E+09  5.18E+05  3.54E+09  3.19E+02  4.67E+11  3.90E-20  1.00E+10  0.00E+00  0.00E+00  2.36E+23
  7.066251E+09  1.00E-08  5.20E-04  6.77E-04  3.15E-03  2.08E+09  4.86E+07 -3.24E+12 -2.11E+12  3.50E+09 -1.45E+08 -1.96E+10  9.12E+05  7.62E+10  7.47E+09  5.18E+05  3.54E+09  3.19E+02  4.67E+11  3.90E-20  1.00E+10  0.00E+00  0.00E+00  2.36E+23
  7.814262E+09  1.00E-08  5.14E-04  6.72E-04  3.15E-03  5.22E+09  4.86E+07 -3.20E+12 -2.09E+12  3.50E+09 -1.26E+08 -1.93E+10 -3.77E+07  5.85E+10  6.05E+09  4.26E+05  3.54E+09  2.50E+02  4.06E+11  2.57E-20  1.00E+10  0.00E+00  0.00E+00  2.35E+23
  7.826348E+09  1.00E-08  5.14E-04  6.72E-04  3.15E-03  5.22E+09  4.86E+07 -3.20E+12 -2.09E+12  3.50E+09 -1.25E+08 -1.92E+10 -4.41E+07  5.82E+10  6.02E+09  4.25E+05  3.54E+09  2.49E+02  4.06E+11  2.57E-20  1.00E+10  0.00E+00  0.00E+00  2.35E+23
  1.120415E+10  1.00E-08  4.84E-04  6.52E-04  3.15E-03  4.82E+09  4.61E+07 -3.01E+12 -2.03E+12  3.50E+09 -1.25E+08 -1.82E+10  7.14E+07  6.77E+09  2.04E+09  2.32E+05  3.52E+09  8.27E+01  5.77E+11  1.09E-18  1.00E+10  0.00E+00  0.00E+00  2.28E+23
  1.120415E+10  1.00E-08  4.84E-04  6.52E-04  3.15E-03  4.82E+09  4.61E+07 -3.01E+12 -2.03E+12  3.50E+09 -1.25E+08 -1.82E+10  7.14E+07  6.78E+09  2.05E+09  2.32E+05  3.52E+09  8.27E+01  5.77E+11  1.09E-18  1.00E+10  0.00E+00  0.00E+00  2.28E+23
  1.375113E+10  1.00E-08  4.63E-04  6.38E-04  3.15E-03  3.65E+09  2.52E+07 -2.88E+12 -1.99E+12  3.50E+09 -1.56E+08 -1.76E+10 -7.96E+06  2.47E+09  6.87E+08  7.56E+05  3.52E+09  3.66E+01  2.45E+11  1.45E-18  1.00E+10  0.00E+00  0.00E+00  2.23E+23
  1.375117E+10  1.00E-08  4.63E-04  6.38E-04  3.15E-03  3.65E+09  2.52E+07 -2.88E+12 -1.99E+12  3.50E+09 -1.56E+08 -1.76E+10 -9.03E+06  2.47E+09  6.87E+08  7.56E+05  3.52E+09  3.66E+01  2.45E+11  1.45E-18  1.00E+10  0.00E+00  0.00E+00  2.23E+23
  1.481560E+10  1.00E-08  4.54E-04  6.33E-04  3.15E-03  1.79E+09  1.00E+07 -2.83E+12 -1.97E+12  3.50E+09 -1.90E+08 -1.72E+10 -5.52E+08  4.24E+09  3.37E+08  2.47E+06  3.52E+09  2.60E+01  2.16E+11  1.14E-18  1.00E+10  0.00E+00  0.00E+00  2.22E+23
  4.305282E+10  1.00E-08  2.84E-04  5.24E-04  3.14E-03  1.01E+11  2.38E+08 -1.77E+12 -1.64E+12  3.50E+09 -2.59E+08 -9.21E+09  8.48E+08  2.50E+10  1.61E+08  7.78E+07  3.52E+09  3.11E-03  4.24E+16  3.84-119  1.00E+10  0.00E+00  0.00E+00  1.84E+23
  4.634952E+10  1.00E-08  2.70E-04  5.16E-04  3.14E-03  1.56E+11  4.04E+08 -1.68E+12 -1.61E+12  3.50E+09 -9.80E+07 -9.29E+09 -1.80E+09  2.82E+10  7.58E+09  6.01E+07  3.61E+09  1.06E-03  7.75E+17  3.84-119  1.00E+10  0.00E+00  0.00E+00  1.81E+23
  6.514443E+10  1.00E-08  2.00E-04  4.61E-04  3.13E-03  1.61E+11  9.03E+08 -1.24E+12 -1.44E+12  3.50E+09 -6.75E+07 -6.67E+09  7.31E+06  2.25E+10  1.92E+10  4.09E+07  3.64E+09  2.20E-06  1.49E+18  9.00E-29  1.00E+10  0.00E+00  0.00E+00  1.62E+23
  9.550484E+10  1.00E-08  1.26E-04  3.96E-04  3.11E-03  1.58E+11  1.04E+09 -7.86E+11 -1.24E+12  3.50E+09 -7.04E+07 -3.90E+09  1.64E+10  2.50E+10  2.58E+10  4.19E+07  3.64E+09  9.96E-11  5.96E+18  1.77E-28  1.00E+10  0.00E+00  0.00E+00  1.40E+23
  9.970093E+10  1.00E-08  1.19E-04  3.90E-04  3.11E-03  1.53E+11  1.14E+09 -7.41E+11 -1.22E+12  3.50E+09 -6.88E+07 -3.52E+09  3.04E+09  2.61E+10  4.60E+10  4.62E+07  3.64E+09  2.53E-11  1.95E+19  4.85E-29  1.00E+10  0.00E+00  0.00E+00  1.38E+23
  1.565000E+12  1.00E-08  1.83E-05  5.06E-04  1.85E-03 -5.12E+11  7.84E+08 -1.14E+11 -1.58E+12  3.50E+09 -3.09E+07  2.09E+07  1.82E+10  3.30E+10  4.99E+10  6.19E+07  3.69E+09  2.39E-19  6.12E+19  3.84-119  1.00E+10  0.00E+00  0.00E+00  1.81E+23
  1.944600E+13  1.00E-08  1.97E-06  1.64E-03  1.11E-04 -2.57E+12  1.60E+07 -1.23E+10 -5.13E+12  3.50E+09 -1.11E+08  1.96E+06  3.31E+09  7.09E+08  2.49E+09  6.84E+07  3.64E+09  2.39E-19  9.65E+19  3.84-119  1.00E+10  0.00E+00  0.00E+00  5.81E+23
  7.165811E+17  1.00E-08  1.63E-06  5.49E-03  1.48E-10 -8.58E+12  1.36E+03 -1.02E+10 -1.71E+13  3.50E+09 -2.96E+08  1.21E+04  3.20E+03  6.62E+01  5.73E+06  7.08E+07  3.48E+09  2.39E-19  6.08E+19  3.84-119  1.00E+10  0.00E+00  0.00E+00  1.93E+24
