  2.906778E+07  1.00E-08  4.59E-05  5.30E-05  6.64E+00  4.93E+10  3.68E+18 -2.78E+11 -1.69E+11  3.50E+09 -2.02E+08  5.34E+10  1.32E+10  4.21E+10  1.53E+07  4.60E+04  3.52E+09  4.02E+03  4.81E+09  2.31E-16  1.00E+10  0.00E+00  0.00E+00  1.24E+21
  2.907331E+07  1.00E-08  4.59E-05  5.30E-05  6.64E+00  4.93E+10  3.68E+18 -2.78E+11 -1.69E+11  3.50E+09 -2.02E+08  5.34E+10  1.32E+10  4.21E+10  1.53E+07  4.60E+04  3.52E+09  4.02E+03  4.81E+09  2.31E-16  1.00E+10  0.00E+00  0.00E+00  1.24E+21
  4.985075E+07  1.00E-08  4.59E-05  5.31E-05  1.09E+01  5.09E+10  3.68E+18 -2.78E+11 -1.69E+11  3.50E+09 -2.43E+08  6.24E+10  1.92E+10  4.32E+10  6.17E+06  3.92E+04  3.53E+09  3.27E+03  2.59E+09  2.00E-16  1.00E+10  0.00E+00  0.00E+00  1.24E+21
  4.985075E+07  1.00E-08  4.59E-05  5.31E-05  1.09E+01  5.09E+10  3.68E+18 -2.78E+11 -1.69E+11  3.50E+09 -2.43E+08  6.24E+10  1.93E+10  4.32E+10  6.16E+06  3.92E+04  3.53E+09  3.27E+03  2.59E+09  2.00E-16  1.00E+10  0.00E+00  0.00E+00  1.24E+21
  6.275446E+07  1.00E-08  4.59E-05  5.32E-05  1.35E+01  5.02E+10  3.69E+18 -2.78E+11 -1.69E+11  3.50E+09 -2.59E+08  7.64E+10  4.27E+10  4.26E+10  4.23E+06  3.68E+04  3.53E+09  2.78E+03  3.28E+09  1.81E-16  1.00E+10  0.00E+00  0.00E+00  1.23E+21
  6.277334E+07  1.00E-08  4.59E-05  5.32E-05  1.35E+01  5.02E+10  3.69E+18 -2.78E+11 -1.69E+11  3.50E+09 -2.59E+08  7.64E+10  4.27E+10  4.26E+10  4.23E+06  3.68E+04  3.53E+09  2.78E+03  3.28E+09  1.81E-16  1.00E+10  0.00E+00  0.00E+00  1.23E+21
  7.119530E+07  1.00E-08  4.59E-05  5.33E-05  1.51E+01  4.99E+10  3.69E+18 -2.78E+11 -1.69E+11  3.50E+09 -2.67E+08  7.90E+10  5.30E+10  4.24E+10  3.45E+06  3.54E+04  3.53E+09  2.49E+03  2.02E+09  1.70E-16  1.00E+10  0.00E+00  0.00E+00  1.23E+21
  7.716721E+07  1.00E-08  4.59E-05  5.33E-05  1.63E+01  5.01E+10  3.69E+18 -2.78E+11 -1.69E+11  3.50E+09 -2.72E+08  7.71E+10  5.52E+10  4.26E+10  3.02E+06  3.44E+04  3.53E+09  2.30E+03  1.47E+09  1.62E-16  1.00E+10  0.00E+00  0.00E+00  1.23E+21
  8.168648E+07  1.00E-08  4.59E-05  5.33E-05  1.72E+01  5.05E+10  3.69E+18 -2.78E+11 -1.69E+11  3.50E+09 -2.75E+08  7.33E+10  5.34E+10  4.28E+10  2.74E+06  3.36E+04  3.53E+09  2.17E+03  1.20E+09  1.57E-16  1.00E+10  0.00E+00  0.00E+00  1.23E+21
  8.610147E+07  1.00E-08  4.59E-05  5.34E-05  1.80E+01  5.10E+10  3.69E+18 -2.77E+11 -1.69E+11  3.50E+09 -2.77E+08  6.76E+10  4.87E+10  4.32E+10  2.51E+06  3.28E+04  3.53E+09  2.04E+03  1.04E+09  1.52E-16  1.00E+10  0.00E+00  0.00E+00  1.23E+21
  8.896859E+07  1.00E-08  4.59E-05  5.34E-05  1.86E+01  5.13E+10  3.69E+18 -2.77E+11 -1.69E+11  3.50E+09 -2.79E+08  6.30E+10  4.42E+10  4.34E+10  2.37E+06  3.23E+04  3.53E+09  1.96E+03  9.60E+08  1.49E-16  1.00E+10  0.00E+00  0.00E+00  1.23E+21
  8.898209E+07  1.00E-08  4.59E-05  5.34E-05  1.86E+01  5.13E+10  3.69E+18 -2.77E+11 -1.69E+11  3.50E+09 -2.79E+08  6.30E+10  4.41E+10  4.34E+10  2.37E+06  3.23E+04  3.53E+09  1.96E+03  9.60E+08  1.48E-16  1.00E+10  0.00E+00  0.00E+00  1.23E+21
  9.256865E+07  1.00E-08  4.59E-05  5.34E-05  1.92E+01  5.18E+10  3.69E+18 -2.77E+11 -1.69E+11  3.50E+09 -2.81E+08  5.65E+10  3.69E+10  4.38E+10  2.22E+06  3.17E+04  3.54E+09  1.87E+03  8.95E+08  1.45E-16  1.00E+10  0.00E+00  0.00E+00  1.23E+21
  9.256878E+07  1.00E-08  4.59E-05  5.34E-05  1.92E+01  5.18E+10  3.69E+18 -2.77E+11 -1.69E+11  3.50E+09 -2.81E+08  5.65E+10  3.69E+10  4.38E+10  2.22E+06  3.17E+04  3.54E+09  1.87E+03  8.95E+08  1.45E-16  1.00E+10  0.00E+00  0.00E+00  1.23E+21
  9.623490E+07  1.00E-08  4.59E-05  5.34E-05  1.99E+01  5.23E+10  3.69E+18 -2.77E+11 -1.69E+11  3.50E+09 -2.82E+08  4.94E+10  2.88E+10  4.41E+10  2.08E+06  3.11E+04  3.54E+09  1.78E+03  8.55E+08  1.41E-16  1.00E+10  0.00E+00  0.00E+00  1.23E+21
  9.623490E+07  1.00E-08  4.59E-05  5.34E-05  1.99E+01  5.23E+10  3.69E+18 -2.77E+11 -1.69E+11  3.50E+09 -2.82E+08  4.94E+10  2.87E+10  4.42E+10  2.08E+06  3.11E+04  3.54E+09  1.78E+03  8.55E+08  1.41E-16  1.00E+10  0.00E+00  0.00E+00  1.23E+21
  9.998775E+07  1.00E-08  4.59E-05  5.34E-05  2.06E+01  5.29E+10  3.69E+18 -2.77E+11 -1.69E+11  3.50E+09 -2.83E+08  4.22E+10  2.07E+10  4.45E+10  1.96E+06  3.04E+04  3.54E+09  1.69E+03  8.27E+08  1.37E-16  1.00E+10  0.00E+00  0.00E+00  1.23E+21
  9.998832E+07  1.00E-08  4.59E-05  5.34E-05  2.06E+01  5.29E+10  3.69E+18 -2.77E+11 -1.69E+11  3.50E+09 -2.83E+08  4.22E+10  2.07E+10  4.45E+10  1.96E+06  3.04E+04  3.54E+09  1.69E+03  8.27E+08  1.37E-16  1.00E+10  0.00E+00  0.00E+00  1.23E+21
  1.037741E+08  1.00E-08  4.59E-05  5.34E-05  2.14E+01  5.34E+10  3.69E+18 -2.77E+11 -1.69E+11  3.50E+09 -2.85E+08  3.56E+10  1.41E+10  4.49E+10  1.84E+06  2.97E+04  3.54E+09  1.61E+03  7.95E+08  1.33E-16  1.00E+10  0.00E+00  0.00E+00  1.23E+21
  1.037841E+08  1.00E-08  4.59E-05  5.34E-05  2.14E+01  5.34E+10  3.69E+18 -2.77E+11 -1.69E+11  3.50E+09 -2.85E+08  3.56E+10  1.41E+10  4.49E+10  1.84E+06  2.97E+04  3.54E+09  1.61E+03  7.95E+08  1.33E-16  1.00E+10  0.00E+00  0.00E+00  1.23E+21
  1.069576E+08  1.00E-08  4.59E-05  5.35E-05  2.20E+01  5.38E+10  3.69E+18 -2.77E+11 -1.69E+11  3.50E+09 -2.85E+08  3.09E+10  1.00E+10  4.52E+10  1.76E+06  2.91E+04  3.54E+09  1.54E+03  7.60E+08  1.30E-16  1.00E+10  0.00E+00  0.00E+00  1.23E+21
  1.069614E+08  1.00E-08  4.59E-05  5.35E-05  2.20E+01  5.38E+10  3.69E+18 -2.77E+11 -1.69E+11  3.50E+09 -2.85E+08  3.09E+10  1.00E+10  4.52E+10  1.76E+06  2.91E+04  3.54E+09  1.54E+03  7.60E+08  1.30E-16  1.00E+10  0.00E+00  0.00E+00  1.23E+21
  1.099403E+08  1.00E-08  4.59E-05  5.35E-05  2.26E+01  5.42E+10  3.69E+18 -2.77E+11 -1.69E+11  3.50E+09 -2.86E+08  2.72E+10  7.39E+09  4.55E+10  1.69E+06  2.85E+04  3.54E+09  1.48E+03  7.20E+08  1.28E-16  1.00E+10  0.00E+00  0.00E+00  1.23E+21
  1.099403E+08  1.00E-08  4.59E-05  5.35E-05  2.26E+01  5.42E+10  3.69E+18 -2.77E+11 -1.69E+11  3.50E+09 -2.86E+08  2.72E+10  7.39E+09  4.55E+10  1.69E+06  2.85E+04  3.54E+09  1.48E+03  7.20E+08  1.28E-16  1.00E+10  0.00E+00  0.00E+00  1.23E+21
  1.127564E+08  1.00E-08  4.59E-05  5.35E-05  2.31E+01  5.46E+10  3.69E+18 -2.77E+11 -1.69E+11  3.50E+09 -2.87E+08  2.45E+10  5.77E+09  4.57E+10  1.63E+06  2.80E+04  3.54E+09  1.42E+03  6.77E+08  1.25E-16  1.00E+10  0.00E+00  0.00E+00  1.23E+21
  1.127564E+08  1.00E-08  4.59E-05  5.35E-05  2.31E+01  5.46E+10  3.69E+18 -2.77E+11 -1.69E+11  3.50E+09 -2.87E+08  2.45E+10  5.77E+09  4.57E+10  1.63E+06  2.80E+04  3.54E+09  1.42E+03  6.77E+08  1.25E-16  1.00E+10  0.00E+00  0.00E+00  1.23E+21
  1.159684E+08  1.00E-08  4.58E-05  5.35E-05  2.37E+01  5.50E+10  3.69E+18 -2.76E+11 -1.69E+11  3.50E+09 -2.87E+08  2.22E+10  4.68E+09  4.60E+10  1.58E+06  2.73E+04  3.54E+09  1.36E+03  6.24E+08  1.22E-16  1.00E+10  0.00E+00  0.00E+00  1.23E+21
  1.195358E+08  1.00E-08  4.58E-05  5.35E-05  2.45E+01  5.54E+10  3.69E+18 -2.76E+11 -1.68E+11  3.50E+09 -2.88E+08  2.05E+10  4.03E+09  4.63E+10  1.53E+06  2.66E+04  3.54E+09  1.29E+03  5.64E+08  1.19E-16  1.00E+10  0.00E+00  0.00E+00  1.23E+21
  1.236438E+08  1.00E-08  4.58E-05  5.36E-05  2.53E+01  5.59E+10  3.69E+18 -2.76E+11 -1.68E+11  3.50E+09 -2.89E+08  1.91E+10  3.71E+09  4.66E+10  1.49E+06  2.58E+04  3.54E+09  1.22E+03  5.00E+08  1.16E-16  1.00E+10  0.00E+00  0.00E+00  1.23E+21
  1.267661E+08  1.00E-08  4.58E-05  5.36E-05  2.59E+01  5.63E+10  3.69E+18 -2.76E+11 -1.68E+11  3.50E+09 -2.89E+08  1.84E+10  3.61E+09  4.68E+10  1.47E+06  2.52E+04  3.54E+09  1.17E+03  4.54E+08  1.13E-16  1.00E+10  0.00E+00  0.00E+00  1.23E+21
  1.302516E+08  1.00E-08  4.58E-05  5.36E-05  2.66E+01  5.67E+10  3.69E+18 -2.76E+11 -1.68E+11  3.50E+09 -2.89E+08  1.77E+10  3.57E+09  4.71E+10  1.46E+06  2.45E+04  3.54E+09  1.11E+03  4.08E+08  1.11E-16  1.00E+10  0.00E+00  0.00E+00  1.23E+21
  1.327431E+08  1.00E-08  4.58E-05  5.36E-05  2.71E+01  5.69E+10  3.69E+18 -2.76E+11 -1.68E+11  3.50E+09 -2.90E+08  1.73E+10  3.57E+09  4.73E+10  1.45E+06  2.40E+04  3.55E+09  1.07E+03  3.80E+08  1.09E-16  1.00E+10  0.00E+00  0.00E+00  1.23E+21
  1.358925E+08  1.00E-08  4.58E-05  5.36E-05  2.77E+01  5.73E+10  3.69E+18 -2.76E+11 -1.68E+11  3.50E+09 -2.90E+08  1.69E+10  3.57E+09  4.75E+10  1.45E+06  2.34E+04  3.55E+09  1.02E+03  3.49E+08  1.06E-16  1.00E+10  0.00E+00  0.00E+00  1.23E+21
  1.393388E+08  1.00E-08  4.58E-05  5.36E-05  2.84E+01  5.77E+10  3.69E+18 -2.75E+11 -1.68E+11  3.50E+09 -2.90E+08  1.65E+10  3.57E+09  4.78E+10  1.45E+06  2.27E+04  3.55E+09  9.76E+02  3.21E+08  1.04E-16  1.00E+10  0.00E+00  0.00E+00  1.23E+21
  1.433243E+08  1.00E-08  4.58E-05  5.36E-05  2.91E+01  5.81E+10  3.70E+18 -2.75E+11 -1.68E+11  3.50E+09 -2.90E+08  1.60E+10  3.57E+09  4.80E+10  1.46E+06  2.19E+04  3.55E+09  9.23E+02  2.96E+08  1.01E-16  1.00E+10  0.00E+00  0.00E+00  1.23E+21
  1.472166E+08  1.00E-08  4.58E-05  5.37E-05  2.99E+01  5.86E+10  3.70E+18 -2.75E+11 -1.68E+11  3.50E+09 -2.90E+08  1.56E+10  3.57E+09  4.83E+10  1.46E+06  2.12E+04  3.55E+09  8.73E+02  2.76E+08  9.79E-17  1.00E+10  0.00E+00  0.00E+00  1.23E+21
  1.498586E+08  1.00E-08  4.58E-05  5.37E-05  3.04E+01  5.89E+10  3.70E+18 -2.75E+11 -1.68E+11  3.50E+09 -2.90E+08  1.53E+10  3.57E+09  4.85E+10  1.46E+06  2.07E+04  3.55E+09  8.41E+02  2.64E+08  9.60E-17  1.00E+10  0.00E+00  0.00E+00  1.23E+21
  1.537883E+08  1.00E-08  4.58E-05  5.37E-05  3.12E+01  5.93E+10  3.70E+18 -2.75E+11 -1.68E+11  3.50E+09 -2.90E+08  1.49E+10  3.57E+09  4.87E+10  1.47E+06  2.00E+04  3.55E+09  7.96E+02  2.49E+08  9.32E-17  1.00E+10  0.00E+00  0.00E+00  1.23E+21
  1.572164E+08  1.00E-08  4.58E-05  5.37E-05  3.19E+01  5.97E+10  3.70E+18 -2.75E+11 -1.68E+11  3.50E+09 -2.90E+08  1.45E+10  3.56E+09  4.90E+10  1.46E+06  1.93E+04  3.55E+09  7.58E+02  2.37E+08  9.08E-17  1.00E+10  0.00E+00  0.00E+00  1.23E+21
  1.600695E+08  1.00E-08  4.58E-05  5.37E-05  3.24E+01  6.00E+10  3.70E+18 -2.74E+11 -1.67E+11  3.50E+09 -2.90E+08  1.42E+10  3.56E+09  4.92E+10  1.46E+06  1.88E+04  3.55E+09  7.28E+02  2.28E+08  8.87E-17  1.00E+10  0.00E+00  0.00E+00  1.23E+21
  1.634574E+08  1.00E-08  4.57E-05  5.37E-05  3.31E+01  6.03E+10  3.70E+18 -2.74E+11 -1.67E+11  3.50E+09 -2.90E+08  1.39E+10  3.56E+09  4.94E+10  1.45E+06  1.83E+04  3.55E+09  6.94E+02  2.18E+08  8.64E-17  1.00E+10  0.00E+00  0.00E+00  1.23E+21
