  1.923783E-01  1.00E-08  4.59E-05  5.28E-05  3.50E-03  3.86E+11  4.64E+11 -2.96E+11 -1.81E+11  3.50E+09 -5.19E+07  4.30E+15  4.19E+14  3.27E+11  3.50E+10  7.89E+06  5.03E+09  8.13E+03  3.15E+19  1.42E-17  1.00E+10  0.00E+00  0.00E+00  2.51E+23
  1.950454E-01  1.00E-08  4.59E-05  5.28E-05  3.50E-03  3.85E+11  4.64E+11 -2.96E+11 -1.81E+11  3.50E+09 -5.20E+07  4.29E+15  4.11E+14  3.27E+11  3.50E+10  7.89E+06  5.03E+09  8.13E+03  3.15E+19  1.42E-17  1.00E+10  0.00E+00  0.00E+00  2.51E+23
  6.318866E+02  1.00E-08  4.59E-05  5.28E-05  3.50E-03  3.09E+11  3.99E+11 -2.97E+11 -1.98E+11  3.50E+09 -8.97E+07 -6.07E+14  1.28E+13  3.27E+11  3.49E+10  7.87E+06  5.03E+09  8.13E+03  3.13E+19  1.42E-17  1.00E+10  0.00E+00  0.00E+00  2.51E+23
  6.406683E+02  1.00E-08  4.59E-05  5.28E-05  3.50E-03  3.08E+11  3.99E+11 -2.97E+11 -1.98E+11  3.50E+09 -9.00E+07 -6.44E+14  1.26E+13  3.27E+11  3.49E+10  7.87E+06  5.03E+09  8.14E+03  3.13E+19  1.42E-17  1.00E+10  0.00E+00  0.00E+00  2.51E+23
  6.282971E+04  1.00E-08  4.59E-05  5.28E-05  3.50E-03  1.61E+11  1.61E+11 -3.03E+11 -2.13E+11  3.50E+09 -1.48E+08 -6.99E+15  1.98E+07  2.83E+11  2.84E+10  6.50E+06  4.98E+09  8.34E+03  3.08E+19  1.82E-17  1.00E+10  0.00E+00  0.00E+00  2.51E+23
  6.294361E+04  1.00E-08  4.59E-05  5.28E-05  3.50E-03  1.61E+11  1.61E+11 -3.03E+11 -2.13E+11  3.50E+09 -1.48E+08 -6.98E+15  1.98E+07  2.83E+11  2.84E+10  6.49E+06  4.98E+09  8.34E+03  3.08E+19  1.82E-17  1.00E+10  0.00E+00  0.00E+00  2.51E+23
  2.642771E+06  1.00E-08  4.60E-05  5.29E-05  3.50E-03  3.45E+10  1.23E+11 -3.23E+11 -2.11E+11  3.50E+09 -9.01E+07 -3.24E+14 -2.29E+07  3.97E+10  2.73E+09  1.18E+06  3.80E+09  1.64E+04  2.98E+19  1.29E-16  1.00E+10  0.00E+00  0.00E+00  2.51E+23
  1.489419E+07  1.00E-08  4.64E-05  5.34E-05  3.50E-03  1.07E+10  1.33E+11 -3.46E+11 -2.32E+11  3.50E+09 -1.10E+08 -1.66E+13  4.26E+07  4.98E+09  3.85E+08  4.68E+05  3.39E+09  2.91E+04  2.33E+19  7.59E-17  1.00E+10  0.00E+00  0.00E+00  2.51E+23
  7.795122E+07  1.00E-08  5.27E-05  6.06E-05  3.50E-03 -4.03E+10  2.81E+11 -6.27E+11 -5.41E+11  3.50E+09 -1.55E+08 -2.20E+12  7.66E+05  3.62E+10  1.94E+09  5.33E+05  3.63E+09  2.25E+04  8.06E+18  1.63E-17  1.00E+10  0.00E+00  0.00E+00  2.51E+23
  8.060240E+08  1.00E-08  4.49E-04  5.48E-04  3.24E-03 -3.86E+11  3.37E+11 -3.15E+12 -2.15E+12  3.50E+09 -1.07E+08 -1.71E+11  1.92E+05  3.11E+11  1.65E+10  8.40E+05  3.52E+09  2.45E+03  6.06E+15  1.59E-18  1.00E+10  0.00E+00  0.00E+00  2.50E+23
  6.871856E+09  1.00E-08  5.22E-04  6.78E-04  3.15E-03 -7.69E+09  9.97E+10 -3.25E+12 -2.11E+12  3.50E+09 -1.47E+08 -1.97E+10  3.89E+07  7.57E+10  7.25E+09  4.78E+05  3.53E+09  3.39E+02  5.17E+12  4.64E-20  1.00E+10  0.00E+00  0.00E+00  2.37E+23
  6.871941E+09  1.00E-08  5.22E-04  6.78E-04  3.15E-03 -7.68E+09  9.97E+10 -3.25E+12 -2.11E+12  3.50E+09 -1.47E+08 -1.97E+10  3.83E+07  7.57E+10  7.25E+09  4.78E+05  3.53E+09  3.39E+02  5.17E+12  4.64E-20  1.00E+10  0.00E+00  0.00E+00  2.37E+23
  6.912793E+09  1.00E-08  5.22E-04  6.78E-04  3.15E-03 -5.23E+09  9.97E+10 -3.25E+12 -2.11E+12  3.50E+09 -1.46E+08 -1.97E+10  4.05E+06  7.61E+10  7.37E+09  4.90E+05  3.53E+09  3.35E+02  8.19E+11  4.46E-20  1.00E+10  0.00E+00  0.00E+00  2.37E+23
  6.912845E+09  1.00E-08  5.22E-04  6.78E-04  3.15E-03 -5.23E+09  9.97E+10 -3.25E+12 -2.11E+12  3.50E+09 -1.46E+08 -1.97E+10  4.02E+06  7.61E+10  7.37E+09  4.90E+05  3.53E+09  3.35E+02  8.19E+11  4.46E-20  1.00E+10  0.00E+00  0.00E+00  2.37E+23
  6.965106E+09  1.00E-08  5.21E-04  6.77E-04  3.15E-03 -2.01E+09  9.97E+10 -3.25E+12 -2.11E+12  3.50E+09 -1.46E+08 -1.97E+10  2.22E+06  7.67E+10  7.48E+09  5.06E+05  3.53E+09  3.29E+02  5.27E+11  4.24E-20  1.00E+10  0.00E+00  0.00E+00  2.37E+23
  6.965281E+09  1.00E-08  5.21E-04  6.77E-04  3.15E-03 -2.00E+09  9.97E+10 -3.25E+12 -2.11E+12  3.50E+09 -1.46E+08 -1.97E+10  2.47E+06  7.67E+10  7.48E+09  5.06E+05  3.53E+09  3.29E+02  5.27E+11  4.24E-20  1.00E+10  0.00E+00  0.00E+00  2.37E+23
  7.014872E+09  1.00E-08  5.21E-04  6.77E-04  3.15E-03  5.88E+08  9.97E+10 -3.24E+12 -2.11E+12  3.50E+09 -1.45E+08 -1.97E+10  4.68E+03  7.66E+10  7.50E+09  5.17E+05  3.54E+09  3.24E+02  4.87E+11  4.04E-20  1.00E+10  0.00E+00  0.00E+00  2.37E+23
  7.014872E+09  1.00E-08  5.21E-04  6.77E-04  3.15E-03  5.88E+08  9.97E+10 -3.24E+12 -2.11E+12  3.50E+09 -1.45E+08 -1.97E+10  4.81E+04  7.66E+10  7.50E+09  5.17E+05  3.54E+09  3.24E+02  4.87E+11  4.04E-20  1.00E+10  0.00E+00  0.00E+00  2.37E+23
  7.085456E+09  1.00E-08  5.20E-04  6.77E-04  3.15E-03  2.92E+09  9.97E+10 -3.24E+12 -2.11E+12  3.50E+09 -1.44E+08 -1.96E+10 -2.36E+06  7.57E+10  7.42E+09  5.15E+05  3.54E+09  3.16E+02  4.52E+11  3.79E-20  1.00E+10  0.00E+00  0.00E+00  2.36E+23
  7.085930E+09  1.00E-08  5.20E-04  6.77E-04  3.15E-03  2.93E+09  9.97E+10 -3.24E+12 -2.11E+12  3.50E+09 -1.44E+08 -1.96E+10 -2.94E+06  7.57E+10  7.42E+09  5.15E+05  3.54E+09  3.16E+02  4.52E+11  3.79E-20  1.00E+10  0.00E+00  0.00E+00  2.36E+23
  9.349727E+09  1.00E-08  5.00E-04  6.63E-04  3.15E-03  5.17E+09  9.97E+10 -3.11E+12 -2.06E+12  3.50E+09 -1.21E+08 -1.87E+10  4.49E+07  2.74E+10  3.75E+09  2.93E+05  3.53E+09  1.51E+02  5.12E+11  9.96E-20  1.00E+10  0.00E+00  0.00E+00  2.32E+23
  9.359759E+09  1.00E-08  5.00E-04  6.63E-04  3.15E-03  5.17E+09  9.97E+10 -3.11E+12 -2.06E+12  3.50E+09 -1.21E+08 -1.87E+10  5.40E+07  2.73E+10  3.74E+09  2.92E+05  3.53E+09  1.51E+02  5.12E+11  1.01E-19  1.00E+10  0.00E+00  0.00E+00  2.32E+23
  1.240438E+10  1.00E-08  4.74E-04  6.46E-04  3.15E-03  4.44E+09  9.97E+10 -2.95E+12 -2.01E+12  3.50E+09 -1.33E+08 -1.79E+10 -8.51E+08  2.96E+09  1.32E+09  2.99E+05  3.52E+09  5.64E+01  4.44E+11  1.44E-18  1.00E+10  0.00E+00  0.00E+00  2.26E+23
  1.241811E+10  1.00E-08  4.74E-04  6.46E-04  3.15E-03  4.44E+09  9.97E+10 -2.95E+12 -2.01E+12  3.50E+09 -1.33E+08 -1.79E+10 -1.03E+09  2.94E+09  1.32E+09  3.01E+05  3.52E+09  5.61E+01  4.44E+11  1.45E-18  1.00E+10  0.00E+00  0.00E+00  2.26E+23
  1.383523E+10  1.00E-08  4.62E-04  6.38E-04  3.15E-03  2.99E+09  9.96E+10 -2.88E+12 -1.99E+12  3.50E+09 -1.58E+08 -1.75E+10 -2.42E+07  2.45E+09  6.56E+08  8.08E+05  3.51E+09  3.57E+01  2.42E+11  1.44E-18  1.00E+10  0.00E+00  0.00E+00  2.23E+23
  1.383534E+10  1.00E-08  4.62E-04  6.38E-04  3.15E-03  2.99E+09  9.96E+10 -2.88E+12 -1.99E+12  3.50E+09 -1.58E+08 -1.75E+10 -2.56E+07  2.45E+09  6.56E+08  8.08E+05  3.51E+09  3.57E+01  2.42E+11  1.44E-18  1.00E+10  0.00E+00  0.00E+00  2.23E+23
  1.977579E+10  1.00E-08  4.18E-04  6.17E-04  3.15E-03  1.25E+09  9.96E+10 -2.60E+12 -1.93E+12  3.50E+09 -2.92E+08 -1.51E+10 -6.44E+07  4.75E+09  2.05E+08  5.04E+07  3.48E+09  5.29E+00  2.79E+13  3.46E-19  1.00E+10  0.00E+00  0.00E+00  2.16E+23
  4.372476E+10  1.00E-08  2.81E-04  5.23E-04  3.16E-03  1.52E+11  1.00E+11 -1.75E+12 -1.63E+12  3.50E+09 -2.15E+08 -9.20E+09  3.62E+09  3.39E+10  4.76E+08  7.69E+07  3.56E+09  2.52E-03  9.28E+16  3.84-119  1.00E+10  0.00E+00  0.00E+00  1.84E+23
  4.866893E+10  1.00E-08  2.60E-04  5.10E-04  3.16E-03  1.57E+11  1.00E+11 -1.62E+12 -1.59E+12  3.50E+09 -8.05E+07 -9.01E+09 -1.01E+09  2.54E+10  1.40E+10  5.06E+07  3.62E+09  4.98E-04  9.51E+17  2.44E-33  1.00E+10  0.00E+00  0.00E+00  1.79E+23
  7.877996E+10  1.00E-08  1.62E-04  4.29E-04  3.15E-03  1.59E+11  1.01E+11 -1.01E+12 -1.34E+12  3.50E+09 -6.92E+07 -5.22E+09  2.01E+10  2.36E+10  2.02E+10  4.12E+07  3.64E+09  2.50E-08  2.07E+18  1.29E-28  1.00E+10  0.00E+00  0.00E+00  1.51E+23
  9.816999E+10  1.00E-08  1.22E-04  3.92E-04  3.14E-03  1.56E+11  1.01E+11 -7.57E+11 -1.22E+12  3.50E+09 -7.06E+07 -3.72E+09  1.23E+10  2.53E+10  2.95E+10  4.24E+07  3.64E+09  4.20E-11  8.72E+18  1.67E-28  1.00E+10  0.00E+00  0.00E+00  1.38E+23
  1.035436E+11  1.00E-08  1.13E-04  3.85E-04  3.13E-03  1.48E+11  1.01E+11 -7.04E+11 -1.20E+12  3.50E+09 -6.74E+07 -3.21E+09  7.62E+08  2.71E+10  5.46E+10  4.94E+07  3.64E+09  7.24E-12  2.32E+19  1.12E-29  1.00E+10  0.00E+00  0.00E+00  1.37E+23
  1.173354E+18  1.00E-08  1.02E-05  6.92E-04  1.24E-03 -9.19E+11  1.00E+11 -6.40E+10 -2.16E+12  3.50E+09 -3.92E+07  8.05E+04 -3.32E+05  1.72E+10  3.25E+10  6.29E+07  3.69E+09  2.39E-19  7.36E+19  3.84-119  1.00E+10  0.00E+00  0.00E+00  2.47E+23
